1.213990000000000347e-01
1.082049999999999956e-01
1.080730000000000163e-01
1.080249999999999960e-01
1.079959999999999948e-01
1.079790000000000055e-01
1.079719999999999985e-01
1.079639999999999905e-01
1.079569999999999974e-01
1.079520000000000063e-01
1.079490000000000033e-01
1.079460000000000142e-01
1.079450000000000132e-01
1.079440000000000122e-01
1.079430000000000112e-01
1.079410000000000092e-01
1.079410000000000092e-01
1.079400000000000082e-01
1.079360000000000180e-01
1.079339999999999883e-01
1.079339999999999883e-01
1.079330000000000150e-01
1.079319999999999863e-01
1.079319999999999863e-01
1.079319999999999863e-01
1.079319999999999863e-01
1.079309999999999853e-01
1.079299999999999843e-01
1.079299999999999843e-01
1.079299999999999843e-01
1.079289999999999833e-01
1.079289999999999833e-01
1.079289999999999833e-01
1.079289999999999833e-01
1.079289999999999833e-01
1.079289999999999833e-01
1.079289999999999833e-01
1.079289999999999833e-01
1.079289999999999833e-01
1.079289999999999833e-01
1.079289999999999833e-01
1.079279999999999962e-01
1.079279999999999962e-01
1.079279999999999962e-01
1.079279999999999962e-01
1.079279999999999962e-01
1.079279999999999962e-01
1.079279999999999962e-01
1.079279999999999962e-01
1.079279999999999962e-01
1.079279999999999962e-01
1.079279999999999962e-01
1.079279999999999962e-01
1.079279999999999962e-01
1.079279999999999962e-01
1.079279999999999962e-01
1.079279999999999962e-01
1.079279999999999962e-01
1.079279999999999962e-01
1.079279999999999962e-01
1.079269999999999952e-01
1.079269999999999952e-01
1.079269999999999952e-01
1.079269999999999952e-01
1.079269999999999952e-01
1.079269999999999952e-01
1.079259999999999942e-01
1.079250000000000070e-01
1.079250000000000070e-01
1.079250000000000070e-01
1.079250000000000070e-01
1.079250000000000070e-01
1.079250000000000070e-01
1.079250000000000070e-01
1.079250000000000070e-01
1.079250000000000070e-01
1.079250000000000070e-01
1.079250000000000070e-01
1.079250000000000070e-01
1.079250000000000070e-01
1.079250000000000070e-01
1.079250000000000070e-01
1.079250000000000070e-01
1.079240000000000060e-01
1.079240000000000060e-01
1.079240000000000060e-01
1.079240000000000060e-01
1.079240000000000060e-01
1.079240000000000060e-01
1.079240000000000060e-01
1.079240000000000060e-01
1.079240000000000060e-01
1.079240000000000060e-01
1.079240000000000060e-01
1.079240000000000060e-01
1.079240000000000060e-01
1.079240000000000060e-01
1.079240000000000060e-01
1.079240000000000060e-01
1.079240000000000060e-01
