1.214000000000000079e-01
1.082049999999999956e-01
1.080710000000000004e-01
1.080220000000000069e-01
1.079959999999999948e-01
1.079800000000000065e-01
1.079699999999999965e-01
1.079629999999999895e-01
1.079579999999999984e-01
1.079530000000000073e-01
1.079490000000000033e-01
1.079460000000000142e-01
1.079450000000000132e-01
1.079440000000000122e-01
1.079420000000000102e-01
1.079410000000000092e-01
1.079410000000000092e-01
1.079390000000000072e-01
1.079380000000000062e-01
1.079349999999999893e-01
1.079339999999999883e-01
1.079319999999999863e-01
1.079319999999999863e-01
1.079319999999999863e-01
1.079319999999999863e-01
1.079309999999999853e-01
1.079309999999999853e-01
1.079299999999999843e-01
1.079299999999999843e-01
1.079299999999999843e-01
1.079299999999999843e-01
1.079289999999999833e-01
1.079289999999999833e-01
1.079289999999999833e-01
1.079289999999999833e-01
1.079289999999999833e-01
1.079289999999999833e-01
1.079289999999999833e-01
1.079289999999999833e-01
1.079289999999999833e-01
1.079289999999999833e-01
1.079279999999999962e-01
1.079279999999999962e-01
1.079279999999999962e-01
1.079279999999999962e-01
1.079279999999999962e-01
1.079279999999999962e-01
1.079279999999999962e-01
1.079279999999999962e-01
1.079279999999999962e-01
1.079279999999999962e-01
1.079279999999999962e-01
1.079279999999999962e-01
1.079279999999999962e-01
1.079279999999999962e-01
1.079279999999999962e-01
1.079279999999999962e-01
1.079279999999999962e-01
1.079279999999999962e-01
1.079279999999999962e-01
1.079269999999999952e-01
1.079269999999999952e-01
1.079269999999999952e-01
1.079269999999999952e-01
1.079269999999999952e-01
1.079269999999999952e-01
1.079259999999999942e-01
1.079259999999999942e-01
1.079259999999999942e-01
1.079250000000000070e-01
1.079250000000000070e-01
1.079250000000000070e-01
1.079250000000000070e-01
1.079250000000000070e-01
1.079250000000000070e-01
1.079250000000000070e-01
1.079250000000000070e-01
1.079250000000000070e-01
1.079250000000000070e-01
1.079250000000000070e-01
1.079250000000000070e-01
1.079250000000000070e-01
1.079240000000000060e-01
1.079240000000000060e-01
1.079240000000000060e-01
1.079240000000000060e-01
1.079240000000000060e-01
1.079240000000000060e-01
1.079240000000000060e-01
1.079240000000000060e-01
1.079240000000000060e-01
1.079240000000000060e-01
1.079240000000000060e-01
1.079240000000000060e-01
1.079240000000000060e-01
1.079240000000000060e-01
1.079240000000000060e-01
1.079240000000000060e-01
1.079240000000000060e-01
1.079240000000000060e-01
