1.214000000000000079e-01
1.082069999999999976e-01
1.080730000000000024e-01
1.080230000000000079e-01
1.079959999999999948e-01
1.079810000000000075e-01
1.079699999999999965e-01
1.079639999999999905e-01
1.079579999999999984e-01
1.079520000000000063e-01
1.079500000000000043e-01
1.079470000000000152e-01
1.079440000000000122e-01
1.079440000000000122e-01
1.079420000000000102e-01
1.079420000000000102e-01
1.079400000000000082e-01
1.079390000000000072e-01
1.079380000000000062e-01
1.079349999999999893e-01
1.079329999999999873e-01
1.079329999999999873e-01
1.079319999999999863e-01
1.079319999999999863e-01
1.079319999999999863e-01
1.079319999999999863e-01
1.079309999999999853e-01
1.079299999999999843e-01
1.079299999999999843e-01
1.079299999999999843e-01
1.079299999999999843e-01
1.079299999999999843e-01
1.079289999999999833e-01
1.079289999999999833e-01
1.079289999999999833e-01
1.079289999999999833e-01
1.079289999999999833e-01
1.079289999999999833e-01
1.079289999999999833e-01
1.079289999999999833e-01
1.079279999999999962e-01
1.079279999999999962e-01
1.079279999999999962e-01
1.079279999999999962e-01
1.079279999999999962e-01
1.079279999999999962e-01
1.079279999999999962e-01
1.079279999999999962e-01
1.079279999999999962e-01
1.079279999999999962e-01
1.079279999999999962e-01
1.079279999999999962e-01
1.079279999999999962e-01
1.079279999999999962e-01
1.079279999999999962e-01
1.079279999999999962e-01
1.079279999999999962e-01
1.079279999999999962e-01
1.079279999999999962e-01
1.079269999999999952e-01
1.079269999999999952e-01
1.079269999999999952e-01
1.079269999999999952e-01
1.079269999999999952e-01
1.079269999999999952e-01
1.079269999999999952e-01
1.079269999999999952e-01
1.079259999999999942e-01
1.079259999999999942e-01
1.079259999999999942e-01
1.079250000000000070e-01
1.079250000000000070e-01
1.079250000000000070e-01
1.079250000000000070e-01
1.079250000000000070e-01
1.079250000000000070e-01
1.079250000000000070e-01
1.079250000000000070e-01
1.079250000000000070e-01
1.079250000000000070e-01
1.079250000000000070e-01
1.079250000000000070e-01
1.079250000000000070e-01
1.079240000000000060e-01
1.079240000000000060e-01
1.079240000000000060e-01
1.079240000000000060e-01
1.079240000000000060e-01
1.079240000000000060e-01
1.079240000000000060e-01
1.079240000000000060e-01
1.079240000000000060e-01
1.079240000000000060e-01
1.079240000000000060e-01
1.079240000000000060e-01
1.079240000000000060e-01
1.079240000000000060e-01
1.079240000000000060e-01
1.079240000000000060e-01
1.079240000000000060e-01
