1.850554087700324501e+01
1.843757038268793380e+01
1.843699638495434456e+01
1.843673668253071440e+01
1.843660371048235547e+01
1.843652125511547268e+01
1.843646344056615050e+01
1.843642278425263470e+01
1.843639131104828266e+01
1.843636505331525655e+01
1.843634569472691354e+01
1.843632837892477028e+01
1.843631497690078191e+01
1.843630322292649026e+01
1.843629244131244249e+01
1.843628339957606244e+01
1.843627561999289455e+01
1.843626858141623615e+01
1.843626263051720926e+01
1.843625647254444999e+01
1.843625121692441482e+01
1.843624695257009805e+01
1.843624303776084616e+01
1.843623896119815697e+01
1.843623546660307255e+01
1.843623231733486634e+01
1.843622942161169576e+01
1.843622650693320963e+01
1.843622397775604682e+01
1.843622184615350434e+01
1.843621948830493551e+01
1.843621756763235808e+01
1.843621540865688502e+01
1.843621354045080096e+01
1.843621181900210004e+01
1.843621030407913253e+01
1.843620863292650114e+01
1.843620715742987315e+01
1.843620567474919625e+01
1.843620426849536997e+01
1.843620300762487574e+01
1.843620187352048845e+01
1.843620066253642875e+01
1.843619953216932572e+01
1.843619845678583147e+01
1.843619747225647743e+01
1.843619653596420704e+01
1.843619559486043968e+01
1.843619471652553798e+01
1.843619394824856172e+01
1.843619312616150552e+01
1.843619235224747754e+01
1.843619160223147446e+01
1.843619085404977298e+01
1.843619011461800028e+01
1.843618944661118064e+01
1.843618872636222150e+01
1.843618809593759167e+01
1.843618747793297885e+01
1.843618694719688378e+01
1.843618638293699519e+01
1.843618589612395908e+01
1.843618533583263996e+01
1.843618477027759539e+01
1.843618426760735574e+01
1.843618379360845339e+01
1.843618332854205377e+01
1.843618290909625657e+01
1.843618248942208382e+01
1.843618206032526174e+01
1.843618161960466395e+01
1.843618122920717539e+01
1.843618082656864843e+01
1.843618045620008417e+01
1.843618005116932679e+01
1.843617969453224248e+01
1.843617935531217000e+01
1.843617900109048335e+01
1.843617864919394833e+01
1.843617833484861634e+01
1.843617802695819563e+01
1.843617771193546062e+01
1.843617739742628459e+01
1.843617710209271010e+01
1.843617680908697309e+01
1.843617654848002729e+01
1.843617626422555134e+01
1.843617601011780849e+01
1.843617573811798493e+01
1.843617549509733422e+01
1.843617523870159047e+01
1.843617499270612115e+01
1.843617475717059406e+01
1.843617450795578350e+01
1.843617428159187099e+01
1.843617405447058744e+01
1.843617384528435466e+01
1.843617361522251130e+01
1.843617341855735603e+01
1.843617320981374164e+01
