1.000000000000000000e+00
6.001000000000000000e+03
1.200100000000000000e+04
1.800100000000000000e+04
2.400100000000000000e+04
3.000100000000000000e+04
3.600100000000000000e+04
4.200100000000000000e+04
4.800100000000000000e+04
5.400100000000000000e+04
6.000100000000000000e+04
6.600100000000000000e+04
7.200100000000000000e+04
7.800100000000000000e+04
8.400100000000000000e+04
9.000100000000000000e+04
9.600100000000000000e+04
1.020010000000000000e+05
1.080010000000000000e+05
1.140010000000000000e+05
1.200010000000000000e+05
1.260010000000000000e+05
1.320010000000000000e+05
1.380010000000000000e+05
1.440010000000000000e+05
1.500010000000000000e+05
1.560010000000000000e+05
1.620010000000000000e+05
1.680010000000000000e+05
1.740010000000000000e+05
1.800010000000000000e+05
1.860010000000000000e+05
1.920010000000000000e+05
1.980010000000000000e+05
2.040010000000000000e+05
2.100010000000000000e+05
2.160010000000000000e+05
2.220010000000000000e+05
2.280010000000000000e+05
2.340010000000000000e+05
2.400010000000000000e+05
2.460010000000000000e+05
2.520010000000000000e+05
2.580010000000000000e+05
2.640010000000000000e+05
2.700010000000000000e+05
2.760010000000000000e+05
2.820010000000000000e+05
2.880010000000000000e+05
2.940010000000000000e+05
3.000010000000000000e+05
3.060010000000000000e+05
3.120010000000000000e+05
3.180010000000000000e+05
3.240010000000000000e+05
3.300010000000000000e+05
3.360010000000000000e+05
3.420010000000000000e+05
3.480010000000000000e+05
3.540010000000000000e+05
3.600010000000000000e+05
3.660010000000000000e+05
3.720010000000000000e+05
3.780010000000000000e+05
3.840010000000000000e+05
3.900010000000000000e+05
3.960010000000000000e+05
4.020010000000000000e+05
4.080010000000000000e+05
4.140010000000000000e+05
4.200010000000000000e+05
4.260010000000000000e+05
4.320010000000000000e+05
4.380010000000000000e+05
4.440010000000000000e+05
4.500010000000000000e+05
4.560010000000000000e+05
4.620010000000000000e+05
4.680010000000000000e+05
4.740010000000000000e+05
4.800010000000000000e+05
4.860010000000000000e+05
4.920010000000000000e+05
4.980010000000000000e+05
5.040010000000000000e+05
5.100010000000000000e+05
5.160010000000000000e+05
5.220010000000000000e+05
5.280010000000000000e+05
5.340010000000000000e+05
5.400010000000000000e+05
5.460010000000000000e+05
5.520010000000000000e+05
5.580010000000000000e+05
5.640010000000000000e+05
5.700010000000000000e+05
5.760010000000000000e+05
5.820010000000000000e+05
5.880010000000000000e+05
5.940010000000000000e+05
