5.062510579808188638e+00
5.085863247892148387e+00
5.086316468719711992e+00
5.086460759351945526e+00
5.086538181177803430e+00
5.086584429184872747e+00
5.086615490461107392e+00
5.086639510365853489e+00
5.086657438144993826e+00
5.086670305658553382e+00
5.086681904849669422e+00
5.086690803058728783e+00
5.086698726617844279e+00
5.086705414079962573e+00
5.086710616126994822e+00
5.086715543673753004e+00
5.086719854593010126e+00
5.086723710804739618e+00
5.086727325796604582e+00
5.086730148419809083e+00
5.086732791374502405e+00
5.086735506489001857e+00
5.086737900890089037e+00
5.086739842756467844e+00
5.086741826053178706e+00
5.086743627089914455e+00
5.086745343105683936e+00
5.086746763949857808e+00
5.086748240672846144e+00
5.086749752840688643e+00
5.086750924277430030e+00
5.086752158176834016e+00
5.086753137408059899e+00
5.086754142868119999e+00
5.086755120638041028e+00
5.086756077700163914e+00
5.086756891969410610e+00
5.086757691313042784e+00
5.086758435613908169e+00
5.086759135517837649e+00
5.086759832102497825e+00
5.086760528275349635e+00
5.086761112802288487e+00
5.086761693833130593e+00
5.086762259324546953e+00
5.086762824079518630e+00
5.086763359007586693e+00
5.086763855180937988e+00
5.086764344486802258e+00
5.086764865444123096e+00
5.086765295649328777e+00
5.086765722455323768e+00
5.086766124728880456e+00
5.086766516041249631e+00
5.086766870092812809e+00
5.086767239927628026e+00
5.086767567067178142e+00
5.086767887639132901e+00
5.086768219284111048e+00
5.086768565634621986e+00
5.086768873146014336e+00
5.086769211826579706e+00
5.086769478039381731e+00
5.086769725528641928e+00
5.086770000823706894e+00
5.086770274851420304e+00
5.086770540569100163e+00
5.086770813588970874e+00
5.086771070344368262e+00
5.086771299753752196e+00
5.086771512137032047e+00
5.086771746219073798e+00
5.086771955194362427e+00
5.086772178411997913e+00
5.086772363191338187e+00
5.086772565364062082e+00
5.086772767861149624e+00
5.086772958235496134e+00
5.086773137199317674e+00
5.086773320657951736e+00
5.086773501052046065e+00
5.086773669706172285e+00
5.086773829449547257e+00
5.086773988963588344e+00
5.086774149265141709e+00
5.086774312716970670e+00
5.086774455919112370e+00
5.086774610822312859e+00
5.086774755676206183e+00
5.086774903302241135e+00
5.086775040931078351e+00
5.086775173564949348e+00
5.086775307877308805e+00
5.086775423810627750e+00
5.086775554413828004e+00
5.086775680139647093e+00
5.086775806200533268e+00
5.086775919001481405e+00
5.086776044676674324e+00
5.086776161847617495e+00
