1.850549975125180779e+01
1.843756074179981042e+01
1.843699038480890096e+01
1.843673193715787662e+01
1.843659955750335300e+01
1.843651775097699996e+01
1.843646030077736953e+01
1.843642004153941372e+01
1.843638876324157394e+01
1.843636279947396872e+01
1.843634360957456408e+01
1.843632639432813392e+01
1.843631312206211703e+01
1.843630149325155188e+01
1.843629078800450927e+01
1.843628178924490157e+01
1.843627409852469867e+01
1.843626711619825187e+01
1.843626124764651308e+01
1.843625512743180650e+01
1.843624993716185756e+01
1.843624573836117975e+01
1.843624187458689434e+01
1.843623781825865748e+01
1.843623437004426791e+01
1.843623125956045783e+01
1.843622839810587521e+01
1.843622548809943140e+01
1.843622299799654485e+01
1.843622090471664521e+01
1.843621856449735219e+01
1.843621668565845440e+01
1.843621453988790293e+01
1.843621270090605435e+01
1.843621100690641867e+01
1.843620952123796641e+01
1.843620787079552059e+01
1.843620640991859716e+01
1.843620494006521326e+01
1.843620354738786560e+01
1.843620230413452887e+01
1.843620118483528358e+01
1.843619999088530292e+01
1.843619887496640786e+01
1.843619780663583541e+01
1.843619683617712823e+01
1.843619591594684692e+01
1.843619498318278715e+01
1.843619411798776397e+01
1.843619336280028520e+01
1.843619255380454902e+01
1.843619178935011860e+01
1.843619104659892471e+01
1.843619030112921564e+01
1.843618956836679601e+01
1.843618891001878168e+01
1.843618819622494343e+01
1.843618757322833090e+01
1.843618696316044492e+01
1.843618644420416786e+01
1.843618588839635564e+01
1.843618541215504791e+01
1.843618485823026276e+01
1.843618429582486939e+01
1.843618379863821133e+01
1.843618333166557477e+01
1.843618287440166625e+01
1.843618246618303047e+01
1.843618205364946405e+01
1.843618162964317264e+01
1.843618119355093299e+01
1.843618080827454619e+01
1.843618040887634635e+01
1.843618004453710668e+01
1.843617964364776540e+01
1.843617929314800108e+01
1.843617895956860764e+01
1.843617860858345026e+01
1.843617826243563940e+01
1.843617795293857853e+01
1.843617765041120293e+01
1.843617733911446877e+01
1.843617702781901357e+01
1.843617673693695735e+01
1.843617644820947987e+01
1.843617619066825952e+01
1.843617591000405653e+01
1.843617566231002414e+01
1.843617539475999223e+01
1.843617515445099286e+01
1.843617490207560294e+01
1.843617465963172464e+01
1.843617442760460179e+01
1.843617418041414524e+01
1.843617395745087251e+01
1.843617373368179813e+01
1.843617352861451408e+01
1.843617330107399965e+01
1.843617310625299766e+01
1.843617290130646325e+01
