5.062489831931594075e+00
5.085837519718318767e+00
5.086296421527649159e+00
5.086443349037624628e+00
5.086523219127508710e+00
5.086571331829313536e+00
5.086603609643790769e+00
5.086628876111319641e+00
5.086647780300165955e+00
5.086661436824323701e+00
5.086673729647174014e+00
5.086683232400965871e+00
5.086691633262213408e+00
5.086698745982533687e+00
5.086704351083001008e+00
5.086709555842947594e+00
5.086714196382258635e+00
5.086718325945621899e+00
5.086722235387283853e+00
5.086725226709580383e+00
5.086728083784741727e+00
5.086731028838411994e+00
5.086733595752552795e+00
5.086735675346394814e+00
5.086737845805556546e+00
5.086739785585213447e+00
5.086741640709236734e+00
5.086743167822013412e+00
5.086744774291225291e+00
5.086746438294505346e+00
5.086747696096745486e+00
5.086749034438701855e+00
5.086750086771128387e+00
5.086751176100857919e+00
5.086752226896488871e+00
5.086753272712599028e+00
5.086754151195195028e+00
5.086755014561856747e+00
5.086755823219011319e+00
5.086756575443506456e+00
5.086757337704130855e+00
5.086758097899374498e+00
5.086758738306590644e+00
5.086759375464811939e+00
5.086759981102645156e+00
5.086760595766104842e+00
5.086761165230442749e+00
5.086761708832850282e+00
5.086762239919435657e+00
5.086762805026453726e+00
5.086763266583730569e+00
5.086763726709087052e+00
5.086764169531552859e+00
5.086764586640769359e+00
5.086764970021331322e+00
5.086765376563794128e+00
5.086765731324478956e+00
5.086766079273227881e+00
5.086766444185044200e+00
5.086766824249455254e+00
5.086767158187897486e+00
5.086767529181571490e+00
5.086767817693696792e+00
5.086768084803732215e+00
5.086768384265103471e+00
5.086768682971164246e+00
5.086768969145810892e+00
5.086769270146827893e+00
5.086769550409965035e+00
5.086769801623403531e+00
5.086770033357502108e+00
5.086770286632062543e+00
5.086770511418045260e+00
5.086770753114207899e+00
5.086770954862025462e+00
5.086771178638568536e+00
5.086771397876139744e+00
5.086771605125611551e+00
5.086771801221327216e+00
5.086772002104211765e+00
5.086772196529129708e+00
5.086772382285714933e+00
5.086772554136166136e+00
5.086772726984695403e+00
5.086772900861759261e+00
5.086773079354394156e+00
5.086773236963207268e+00
5.086773406983697399e+00
5.086773565392691765e+00
5.086773726309722576e+00
5.086773876044386355e+00
5.086774018532475239e+00
5.086774163766066614e+00
5.086774291584678309e+00
5.086774434831411895e+00
5.086774572625000879e+00
5.086774713041013030e+00
5.086774834995868133e+00
5.086774971286440739e+00
5.086775099224873031e+00
