1.850555319016925182e+01
1.843761010903805797e+01
1.843703220218198169e+01
1.843676929802649411e+01
1.843663292861230474e+01
1.843654757305177228e+01
1.843648751013459730e+01
1.843644510020876481e+01
1.843641199681621501e+01
1.843638447707105499e+01
1.843636385330470517e+01
1.843634547715164729e+01
1.843633114640389081e+01
1.843631849984966919e+01
1.843630704617847726e+01
1.843629737505417054e+01
1.843628887433047936e+01
1.843628123009164455e+01
1.843627472616089946e+01
1.843626819478455658e+01
1.843626248954440072e+01
1.843625774366769576e+01
1.843625340759097142e+01
1.843624899293562791e+01
1.843624510749546275e+01
1.843624163176026798e+01
1.843623845724323829e+01
1.843623532029693379e+01
1.843623252267496326e+01
1.843623009555719960e+01
1.843622752851811697e+01
1.843622537382270821e+01
1.843622301963896248e+01
1.843622097072168842e+01
1.843621906361999407e+01
1.843621735977904308e+01
1.843621551342578968e+01
1.843621386739908630e+01
1.843621223720114344e+01
1.843621070205511359e+01
1.843620929862642299e+01
1.843620801960939204e+01
1.843620666816856257e+01
1.843620539668735958e+01
1.843620422344105947e+01
1.843620312621465018e+01
1.843620208664246363e+01
1.843620104733768628e+01
1.843620006896071217e+01
1.843619920123373390e+01
1.843619828764293800e+01
1.843619743228012808e+01
1.843619658502771586e+01
1.843619576300540075e+01
1.843619494391015934e+01
1.843619419338328669e+01
1.843619340051080613e+01
1.843619270186669112e+01
1.843619200667389890e+01
1.843619139975282906e+01
1.843619076625387621e+01
1.843619020768683470e+01
1.843618958436344357e+01
1.843618896577014965e+01
1.843618840839965856e+01
1.843618788010098797e+01
1.843618736560830484e+01
1.843618687965111036e+01
1.843618640227679961e+01
1.843618592131021572e+01
1.843618542912642866e+01
1.843618499193297566e+01
1.843618454674865959e+01
1.843618412781433591e+01
1.843618368050628220e+01
1.843618327813359770e+01
1.843618289351642048e+01
1.843618249778153029e+01
1.843618210283655756e+01
1.843618174560547729e+01
1.843618139983243509e+01
1.843618104201160435e+01
1.843618069016839200e+01
1.843618035998252580e+01
1.843618003522349724e+01
1.843617973652130360e+01
1.843617941603805832e+01
1.843617912601626685e+01
1.843617882223261262e+01
1.843617854621985330e+01
1.843617825891442052e+01
1.843617798541348307e+01
1.843617772052434134e+01
1.843617744182626339e+01
1.843617718379567449e+01
1.843617692771498895e+01
1.843617668717014979e+01
1.843617643154624730e+01
1.843617620728962692e+01
1.843617597178462120e+01
