1.213990000000000208e-01
1.082019999999999926e-01
1.080689999999999984e-01
1.080220000000000069e-01
1.079949999999999938e-01
1.079810000000000075e-01
1.079719999999999985e-01
1.079629999999999895e-01
1.079579999999999984e-01
1.079530000000000073e-01
1.079490000000000033e-01
1.079460000000000142e-01
1.079440000000000122e-01
1.079440000000000122e-01
1.079420000000000102e-01
1.079420000000000102e-01
1.079410000000000092e-01
1.079400000000000082e-01
1.079380000000000062e-01
1.079360000000000042e-01
1.079360000000000042e-01
1.079339999999999883e-01
1.079319999999999863e-01
1.079319999999999863e-01
1.079319999999999863e-01
1.079309999999999853e-01
1.079309999999999853e-01
1.079309999999999853e-01
1.079309999999999853e-01
1.079309999999999853e-01
1.079309999999999853e-01
1.079289999999999833e-01
1.079289999999999833e-01
1.079289999999999833e-01
1.079289999999999833e-01
1.079289999999999833e-01
1.079289999999999833e-01
1.079289999999999833e-01
1.079289999999999833e-01
1.079289999999999833e-01
1.079289999999999833e-01
1.079279999999999962e-01
1.079279999999999962e-01
1.079279999999999962e-01
1.079279999999999962e-01
1.079279999999999962e-01
1.079279999999999962e-01
1.079279999999999962e-01
1.079279999999999962e-01
1.079279999999999962e-01
1.079279999999999962e-01
1.079279999999999962e-01
1.079279999999999962e-01
1.079279999999999962e-01
1.079279999999999962e-01
1.079279999999999962e-01
1.079279999999999962e-01
1.079279999999999962e-01
1.079279999999999962e-01
1.079279999999999962e-01
1.079279999999999962e-01
1.079269999999999952e-01
1.079269999999999952e-01
1.079269999999999952e-01
1.079269999999999952e-01
1.079269999999999952e-01
1.079269999999999952e-01
1.079259999999999942e-01
1.079259999999999942e-01
1.079259999999999942e-01
1.079250000000000070e-01
1.079250000000000070e-01
1.079250000000000070e-01
1.079250000000000070e-01
1.079250000000000070e-01
1.079250000000000070e-01
1.079250000000000070e-01
1.079250000000000070e-01
1.079250000000000070e-01
1.079250000000000070e-01
1.079250000000000070e-01
1.079250000000000070e-01
1.079250000000000070e-01
1.079240000000000060e-01
1.079240000000000060e-01
1.079240000000000060e-01
1.079240000000000060e-01
1.079240000000000060e-01
1.079240000000000060e-01
1.079240000000000060e-01
1.079240000000000060e-01
1.079240000000000060e-01
1.079240000000000060e-01
1.079240000000000060e-01
1.079240000000000060e-01
1.079240000000000060e-01
1.079240000000000060e-01
1.079240000000000060e-01
1.079240000000000060e-01
1.079240000000000060e-01
