1.850550636334673626e+01
1.843757088512096942e+01
1.843699890147268050e+01
1.843673952821564299e+01
1.843660671545706364e+01
1.843652432042300049e+01
1.843646650464692982e+01
1.843642562645973726e+01
1.843639401645535969e+01
1.843636780093668293e+01
1.843634838909069629e+01
1.843633094625321078e+01
1.843631734332584671e+01
1.843630549271936658e+01
1.843629460686634758e+01
1.843628551338317223e+01
1.843627765260819018e+01
1.843627047919416029e+01
1.843626442223823503e+01
1.843625820194858633e+01
1.843625288862798328e+01
1.843624856827310765e+01
1.843624462947528642e+01
1.843624049525217856e+01
1.843623693816113374e+01
1.843623376350339171e+01
1.843623082277727576e+01
1.843622784025553685e+01
1.843622527922025611e+01
1.843622309357031241e+01
1.843622070621972142e+01
1.843621874860706100e+01
1.843621655247986624e+01
1.843621466430776223e+01
1.843621291668950235e+01
1.843621138561120532e+01
1.843620969515560404e+01
1.843620819759702556e+01
1.843620669332013762e+01
1.843620527414049803e+01
1.843620399373442353e+01
1.843620283565286044e+01
1.843620161007567404e+01
1.843620046243981747e+01
1.843619936931741066e+01
1.843619836688354496e+01
1.843619742469387646e+01
1.843619646066324691e+01
1.843619556331648113e+01
1.843619478268833944e+01
1.843619395384482473e+01
1.843619317184320039e+01
1.843619240830931005e+01
1.843619164727980220e+01
1.843619089403333078e+01
1.843619021152151305e+01
1.843618948484106213e+01
1.843618884230029664e+01
1.843618820880461584e+01
1.843618766533641207e+01
1.843618708837339781e+01
1.843618659202374488e+01
1.843618602302236553e+01
1.843618544729283215e+01
1.843618493336074593e+01
1.843618445392887040e+01
1.843618398284170112e+01
1.843618356004625980e+01
1.843618312910316348e+01
1.843618269134942267e+01
1.843618224312645992e+01
1.843618184494827261e+01
1.843618143521240071e+01
1.843618105484802783e+01
1.843618064302287252e+01
1.843618027711786311e+01
1.843617993447368519e+01
1.843617957196138235e+01
1.843617921284100802e+01
1.843617889122826270e+01
1.843617857718621522e+01
1.843617825426438017e+01
1.843617793479830880e+01
1.843617763305011792e+01
1.843617733328807162e+01
1.843617706786226407e+01
1.843617677824565249e+01
1.843617651738571439e+01
1.843617623840167141e+01
1.843617598971253457e+01
1.843617572730609666e+01
1.843617547796278089e+01
1.843617523760971011e+01
1.843617498361081175e+01
1.843617475202172429e+01
1.843617451942863283e+01
1.843617430490683873e+01
1.843617407062174607e+01
1.843617387039639866e+01
1.843617365797976149e+01
