1.850549201041732417e+01
1.843755447617889942e+01
1.843698565819302715e+01
1.843672774108542711e+01
1.843659606957601582e+01
1.843651477667257055e+01
1.843645764435548884e+01
1.843641755889889211e+01
1.843638650698915527e+01
1.843636071035615132e+01
1.843634171086847218e+01
1.843632466193183461e+01
1.843631145009520012e+01
1.843629990706615018e+01
1.843628929824988560e+01
1.843628038340496289e+01
1.843627279233865934e+01
1.843626587844570963e+01
1.843626004227868975e+01
1.843625396329754551e+01
1.843624883637407663e+01
1.843624470116396807e+01
1.843624089103964536e+01
1.843623686783647386e+01
1.843623346330228330e+01
1.843623039895036442e+01
1.843622757578839355e+01
1.843622469207656422e+01
1.843622222128490407e+01
1.843622016670200381e+01
1.843621784539922004e+01
1.843621598587708377e+01
1.843621386740873902e+01
1.843621204574639805e+01
1.843621036842618111e+01
1.843620890563346748e+01
1.843620727724007224e+01
1.843620583744363017e+01
1.843620438105769921e+01
1.843620300206561780e+01
1.843620177265975713e+01
1.843620066342031905e+01
1.843619948517000395e+01
1.843619838388886123e+01
1.843619732656020105e+01
1.843619636316045174e+01
1.843619545410534499e+01
1.843619453106756723e+01
1.843619367528353337e+01
1.843619292836499923e+01
1.843619212700514254e+01
1.843619137146041354e+01
1.843619063754144705e+01
1.843618990203117747e+01
1.843618917616779385e+01
1.843618852416613407e+01
1.843618781972078224e+01
1.843618720281363821e+01
1.843618659806089610e+01
1.843618608399671643e+01
1.843618553334383847e+01
1.843618506285671899e+01
1.843618451344110198e+01
1.843618395632722340e+01
1.843618346244637607e+01
1.843618300009204702e+01
1.843618254624433206e+01
1.843618214371799624e+01
1.843618173513465308e+01
1.843618131606609722e+01
1.843618088404232580e+01
1.843618050304594291e+01
1.843618010668076224e+01
1.843617974413540495e+01
1.843617934721471840e+01
1.843617899996775478e+01
1.843617867117458786e+01
1.843617832386154731e+01
1.843617798051928247e+01
1.843617767523321405e+01
1.843617737627112874e+01
1.843617706829018488e+01
1.843617676103009728e+01
1.843617647217010713e+01
1.843617618576349670e+01
1.843617593359903495e+01
1.843617565654531276e+01
1.843617541003176186e+01
1.843617514345036312e+01
1.843617490706390427e+01
1.843617465734786975e+01
1.843617441651086253e+01
1.843617418641169081e+01
1.843617394254632913e+01
1.843617372263714316e+01
1.843617350133855481e+01
1.843617329841048402e+01
1.843617307322985965e+01
1.843617288233652118e+01
1.843617267955667671e+01
