5.062493106465930204e+00
5.085836068377008523e+00
5.086294272859840149e+00
5.086440753624446920e+00
5.086520613588946915e+00
5.086568847569375329e+00
5.086601094886163743e+00
5.086626536439104562e+00
5.086645549411128009e+00
5.086659342358918146e+00
5.086671738756980865e+00
5.086681339056930540e+00
5.086689810253247401e+00
5.086697001761934622e+00
5.086702670465681031e+00
5.086707903552564858e+00
5.086712630856421669e+00
5.086716808668031220e+00
5.086720781353284870e+00
5.086723797392378010e+00
5.086726714335576105e+00
5.086729717952207963e+00
5.086732337816560978e+00
5.086734435134045995e+00
5.086736657557333174e+00
5.086738637024030396e+00
5.086740532592435748e+00
5.086742079510178094e+00
5.086743713209281204e+00
5.086745431154968244e+00
5.086746704825563015e+00
5.086748074734311231e+00
5.086749147576639984e+00
5.086750265206744892e+00
5.086751336754947950e+00
5.086752413261682371e+00
5.086753313304456903e+00
5.086754193689931647e+00
5.086755019340563067e+00
5.086755786458821760e+00
5.086756567012903574e+00
5.086757344356958477e+00
5.086758003281590668e+00
5.086758657422516094e+00
5.086759273413979265e+00
5.086759903681336681e+00
5.086760485843409896e+00
5.086761041463129018e+00
5.086761584814896153e+00
5.086762163765743416e+00
5.086762634857634247e+00
5.086763105994811518e+00
5.086763556113869100e+00
5.086763980535206287e+00
5.086764372043792726e+00
5.086764789788848162e+00
5.086765155190395404e+00
5.086765509747452896e+00
5.086765883731977134e+00
5.086766275598246345e+00
5.086766617515373845e+00
5.086766999235993403e+00
5.086767292954606390e+00
5.086767563077185805e+00
5.086767868936159509e+00
5.086768175201089370e+00
5.086768468431557721e+00
5.086768779306275690e+00
5.086769066460597344e+00
5.086769323990051994e+00
5.086769560116011668e+00
5.086769818817812094e+00
5.086770047698120578e+00
5.086770294073363452e+00
5.086770502130202765e+00
5.086770732492423619e+00
5.086770957931888049e+00
5.086771170858886748e+00
5.086771372114699652e+00
5.086771578871739585e+00
5.086771779376530134e+00
5.086771969393144133e+00
5.086772144344669400e+00
5.086772320902087863e+00
5.086772499640024314e+00
5.086772683158958586e+00
5.086772844473411048e+00
5.086773019217007530e+00
5.086773181988134773e+00
5.086773347059744488e+00
5.086773500923204239e+00
5.086773646164807872e+00
5.086773794694586570e+00
5.086773925180922973e+00
5.086774072644109523e+00
5.086774214465649813e+00
5.086774359256309275e+00
5.086774484388040030e+00
5.086774624611307694e+00
5.086774756520557439e+00
