5.062495844985255289e+00
5.085839927973045960e+00
5.086297160936481099e+00
5.086443285724732810e+00
5.086522657600933250e+00
5.086570556123263032e+00
5.086602683220450949e+00
5.086627969262551119e+00
5.086646832430449017e+00
5.086660499896631826e+00
5.086672768072542539e+00
5.086682273425537915e+00
5.086690708912378511e+00
5.086697832561070776e+00
5.086703431016649013e+00
5.086708631209228670e+00
5.086713307440479781e+00
5.086717456326636189e+00
5.086721399796649834e+00
5.086724398620030563e+00
5.086727288000663094e+00
5.086730264025824511e+00
5.086732854494923295e+00
5.086734940468917721e+00
5.086737131358171737e+00
5.086739085999613330e+00
5.086740956431384575e+00
5.086742488212693480e+00
5.086744109968184269e+00
5.086745802768014357e+00
5.086747070982989172e+00
5.086748430258337450e+00
5.086749489716502204e+00
5.086750598594689698e+00
5.086751662818273623e+00
5.086752726251298817e+00
5.086753614617689045e+00
5.086754486840543876e+00
5.086755302198445072e+00
5.086756061827463427e+00
5.086756833685507573e+00
5.086757606709544355e+00
5.086758257318339638e+00
5.086758904889729038e+00
5.086759516445780172e+00
5.086760140700079091e+00
5.086760718106915213e+00
5.086761267207609905e+00
5.086761805608526643e+00
5.086762378733161505e+00
5.086762846558640305e+00
5.086763311476945937e+00
5.086763758923686041e+00
5.086764178080038334e+00
5.086764566790018094e+00
5.086764981149515918e+00
5.086765341029667375e+00
5.086765693846508007e+00
5.086766064233940732e+00
5.086766453107671282e+00
5.086766792247647828e+00
5.086767170615059896e+00
5.086767462405775042e+00
5.086767729936597426e+00
5.086768034501697677e+00
5.086768338158465852e+00
5.086768629703835032e+00
5.086768937290162107e+00
5.086769221522348339e+00
5.086769476841878301e+00
5.086769710880630235e+00
5.086769966892936701e+00
5.086770194870840811e+00
5.086770441395385589e+00
5.086770647462836692e+00
5.086770876215463311e+00
5.086771098863816398e+00
5.086771310347698360e+00
5.086771510340382996e+00
5.086771715257770943e+00
5.086771914149466944e+00
5.086772102849456800e+00
5.086772276563394257e+00
5.086772452078235141e+00
5.086772629299338710e+00
5.086772810038604931e+00
5.086772970042038544e+00
5.086773143632967731e+00
5.086773305924014998e+00
5.086773469209712850e+00
5.086773621429276915e+00
5.086773766048072964e+00
5.086773913871953212e+00
5.086774042819667940e+00
5.086774188395089880e+00
5.086774329024027708e+00
5.086774472409817172e+00
5.086774596158265105e+00
5.086774734638492390e+00
5.086774865311903149e+00
