5.062497955547105910e+00
5.085844599564063984e+00
5.086301116640286502e+00
5.086447017457084385e+00
5.086526170620786047e+00
5.086573812922020821e+00
5.086605729482639227e+00
5.086630657482520412e+00
5.086649315011930739e+00
5.086662832133315604e+00
5.086675007430331519e+00
5.086684396712765732e+00
5.086692666129557949e+00
5.086699696870788934e+00
5.086705221928726317e+00
5.086710381948039483e+00
5.086714974024762803e+00
5.086719034529110672e+00
5.086722880061776308e+00
5.086725833491223092e+00
5.086728659502285588e+00
5.086731565668459965e+00
5.086734123335506119e+00
5.086736175647325275e+00
5.086738315820918288e+00
5.086740245864179499e+00
5.086742077866287737e+00
5.086743577951916784e+00
5.086745157664155137e+00
5.086746801102600024e+00
5.086748043348150006e+00
5.086749364610378521e+00
5.086750412484636996e+00
5.086751493539976465e+00
5.086752535697978139e+00
5.086753572387995526e+00
5.086754446704525812e+00
5.086755303960080354e+00
5.086756106978602254e+00
5.086756854516436555e+00
5.086757608137808973e+00
5.086758358287774229e+00
5.086758995215324930e+00
5.086759625699845522e+00
5.086760225342458419e+00
5.086760833646887470e+00
5.086761401803397753e+00
5.086761937230908970e+00
5.086762460887454651e+00
5.086763020827564041e+00
5.086763480028501760e+00
5.086763938625100678e+00
5.086764373713529963e+00
5.086764789306579715e+00
5.086765168955752259e+00
5.086765570104575751e+00
5.086765924816943674e+00
5.086766269146528963e+00
5.086766629996518851e+00
5.086767006024919269e+00
5.086767336068011680e+00
5.086767704330653395e+00
5.086767991031308611e+00
5.086768255248278692e+00
5.086768548919703647e+00
5.086768843528098216e+00
5.086769127403749202e+00
5.086769425780133247e+00
5.086769703528247533e+00
5.086769952115417937e+00
5.086770182415397912e+00
5.086770434092287019e+00
5.086770657251081573e+00
5.086770895724371577e+00
5.086771096954164406e+00
5.086771317192190445e+00
5.086771535748335182e+00
5.086771740989440183e+00
5.086771934865556233e+00
5.086772134312120386e+00
5.086772327834219176e+00
5.086772511564176646e+00
5.086772682515195321e+00
5.086772853474189837e+00
5.086773025541233118e+00
5.086773203677394939e+00
5.086773359251138160e+00
5.086773527957723751e+00
5.086773683140494384e+00
5.086773842328023321e+00
5.086773990729154704e+00
5.086774131828535772e+00
5.086774275389799982e+00
5.086774401646892763e+00
5.086774543497710077e+00
5.086774679715416525e+00
5.086774817437662577e+00
5.086774938845636918e+00
5.086775075307946814e+00
5.086775202647626060e+00
