4.195586463446653092e+00
4.120269248155658204e+00
4.120513036005267971e+00
4.120574179903009338e+00
4.120621739274694662e+00
4.120580073541092681e+00
4.120595768744218290e+00
4.120609074701551577e+00
4.120620518297376300e+00
4.120629237803336231e+00
4.120634372749981900e+00
4.120639331655707949e+00
4.120643500040412022e+00
4.120647349232689827e+00
4.120650184599154997e+00
4.120653447314917450e+00
4.120655397519230156e+00
4.120657299465405821e+00
4.120659203583594277e+00
4.120661070666501224e+00
4.120662402494621901e+00
4.120661999643896678e+00
4.120663616645535043e+00
4.120664577959637143e+00
4.120665765914962364e+00
4.120667080331127607e+00
4.120667921499477693e+00
4.120668609798410209e+00
4.120669270050730582e+00
4.120669968384094162e+00
4.120670541820801169e+00
4.120671237504506479e+00
4.120671914055313856e+00
4.120672381319703703e+00
4.120672817509699826e+00
4.120673300615811385e+00
4.120673679919728549e+00
4.120674107400193797e+00
4.120674486510860213e+00
4.120674825513209960e+00
4.120675091363828813e+00
4.120675388773331171e+00
4.120675873764386488e+00
4.120676292010443831e+00
4.120676533519110230e+00
4.120676777712120931e+00
4.120677009119024348e+00
4.120677239887318599e+00
4.120677435596945770e+00
4.120677623044325166e+00
4.120677818994144204e+00
4.120678005949020672e+00
4.120678206316521042e+00
4.120678291699008788e+00
4.120678420147018350e+00
4.120678634868443879e+00
4.120678794913236409e+00
4.120678958292622873e+00
4.120679106162637773e+00
4.120679258763168207e+00
4.120679382804256718e+00
4.120679508379229361e+00
4.120679666852736567e+00
4.120679785094518266e+00
4.120679907327811975e+00
4.120680050034814634e+00
4.120680179014448719e+00
4.120680288179715767e+00
4.120680395953926656e+00
4.120680537949540145e+00
4.120680647095052329e+00
4.120680761555505889e+00
4.120680856691089744e+00
4.120680966124635525e+00
4.120681058876434655e+00
4.120681154072570074e+00
4.120681246874596582e+00
4.120681347889846080e+00
4.120681448835928684e+00
4.120681528215439648e+00
4.120681607338009478e+00
4.120681702921896061e+00
4.120681801752948736e+00
4.120681878346025506e+00
4.120681965234419764e+00
4.120682037507843454e+00
4.120682114976442989e+00
4.120682194391549480e+00
4.120682265349337570e+00
4.120682332174642859e+00
4.120682401291728247e+00
4.120682464071707685e+00
4.120682521126012965e+00
4.120682569624233516e+00
4.120682621726486694e+00
4.120682680088473937e+00
4.120682741706201746e+00
4.120682822229304598e+00
4.120682892229818428e+00
4.120682952956093992e+00
4.120683022491910208e+00
