3.706316058643027711e-01
3.539248341157649191e-01
3.538687744236669874e-01
3.538523827008314138e-01
3.538422198326733326e-01
3.538373023158226660e-01
3.538346796401689032e-01
3.538323847989718884e-01
3.538307456266883699e-01
3.538281229510346626e-01
3.538268116132077812e-01
3.538258281098375924e-01
3.538245167720108220e-01
3.538235332686406331e-01
3.538215662619003665e-01
3.538205827585302887e-01
3.538202549240735406e-01
3.538202549240735406e-01
3.538192714207034073e-01
3.538192714207034073e-01
3.538189435862467147e-01
3.538186157517899666e-01
3.538182879173332185e-01
3.538179600828765259e-01
3.538179600828765259e-01
3.538173044139630852e-01
3.538173044139630852e-01
3.538173044139630852e-01
3.538169765795063926e-01
3.538166487450497000e-01
3.538163209105930074e-01
3.538159930761362593e-01
3.538159930761362593e-01
3.538159930761362593e-01
3.538159930761362593e-01
3.538159930761362593e-01
3.538159930761362593e-01
3.538159930761362593e-01
3.538159930761362593e-01
3.538159930761362593e-01
3.538159930761362593e-01
3.538159930761362593e-01
3.538159930761362593e-01
3.538159930761362593e-01
3.538159930761362593e-01
3.538159930761362593e-01
3.538159930761362593e-01
3.538159930761362593e-01
3.538159930761362593e-01
3.538159930761362593e-01
3.538159930761362593e-01
3.538159930761362593e-01
3.538159930761362593e-01
3.538159930761362593e-01
3.538159930761362593e-01
3.538159930761362593e-01
3.538159930761362593e-01
3.538159930761362593e-01
3.538159930761362593e-01
3.538159930761362593e-01
3.538159930761362593e-01
3.538159930761362593e-01
3.538159930761362593e-01
3.538159930761362593e-01
3.538159930761362593e-01
3.538159930761362593e-01
3.538159930761362593e-01
3.538159930761362593e-01
3.538159930761362593e-01
3.538159930761362593e-01
3.538159930761362593e-01
3.538159930761362593e-01
3.538159930761362593e-01
3.538159930761362593e-01
3.538159930761362593e-01
3.538159930761362593e-01
3.538159930761362593e-01
3.538159930761362593e-01
3.538159930761362593e-01
3.538159930761362593e-01
3.538159930761362593e-01
3.538159930761362593e-01
3.538159930761362593e-01
3.538159930761362593e-01
3.538159930761362593e-01
3.538159930761362593e-01
3.538159930761362593e-01
3.538159930761362593e-01
3.538159930761362593e-01
3.538159930761362593e-01
3.538159930761362593e-01
3.538159930761362593e-01
3.538159930761362593e-01
3.538159930761362593e-01
3.538159930761362593e-01
3.538159930761362593e-01
3.538159930761362593e-01
3.538159930761362593e-01
3.538159930761362593e-01
3.538159930761362593e-01
3.538159930761362593e-01
