6.765464043525635240e+00
6.223141631332849144e+00
6.222168640684678564e+00
6.221849113106451945e+00
6.221686878551979660e+00
6.221591791897367330e+00
6.221524724049775301e+00
6.221478125671433546e+00
6.221443164181629015e+00
6.221416002173107529e+00
6.221393941836030450e+00
6.221376128702076791e+00
6.221361405717760640e+00
6.221349032708410220e+00
6.221338271488944471e+00
6.221329123642459713e+00
6.221320953030702761e+00
6.221313648803897145e+00
6.221307265433274836e+00
6.221301696411114968e+00
6.221296509640861672e+00
6.221291890195129071e+00
6.221287769109168586e+00
6.221283888597879397e+00
6.221280248414236880e+00
6.221277216205547411e+00
6.221274198034604908e+00
6.221271444703040387e+00
6.221268834466301634e+00
6.221266487941951695e+00
6.221264245326186604e+00
6.221262196899042252e+00
6.221260309174532210e+00
6.221258466008780630e+00
6.221256730077722175e+00
6.221255078187220455e+00
6.221253500421119575e+00
6.221252024709824191e+00
6.221250623090813114e+00
6.221249328994647776e+00
6.221248059162531874e+00
6.221246847321753926e+00
6.221245774401341855e+00
6.221244753216831569e+00
6.221243727332128159e+00
6.221242740327823206e+00
6.221241795648271733e+00
6.221240910556585568e+00
6.221240056867324952e+00
6.221239201595716750e+00
6.221238397321986469e+00
6.221237630664399276e+00
6.221236893407158242e+00
6.221236187627848579e+00
6.221235504662312010e+00
6.221234858792763056e+00
6.221234217655779553e+00
6.221233601231950239e+00
6.221233012267219920e+00
6.221232432538944757e+00
6.221231883692945885e+00
6.221231343775490252e+00
6.221230830058621208e+00
6.221230317837314061e+00
6.221229822593606684e+00
6.221229368565436069e+00
6.221228913759485835e+00
6.221228473363348499e+00
6.221228042534642455e+00
6.221227625095036906e+00
6.221227219292677191e+00
6.221226828179005963e+00
6.221226446472256200e+00
6.221226080606002462e+00
6.221225716165616149e+00
6.221225371622204570e+00
6.221225035115922175e+00
6.221224698619861826e+00
6.221224375894164993e+00
6.221224058499649878e+00
6.221223745357600698e+00
6.221223445396289797e+00
6.221223156063788728e+00
6.221222871058184722e+00
6.221222592344544999e+00
6.221222323523901920e+00
6.221222063137668457e+00
6.221221799042909950e+00
6.221221542150098038e+00
6.221221289526416953e+00
6.221221048836084400e+00
6.221220815912626989e+00
6.221220582277899425e+00
6.221220350672112431e+00
6.221220129683759481e+00
6.221219909831583905e+00
6.221219705079605866e+00
6.221219507981031072e+00
6.221219304999326738e+00
6.221219108335485082e+00
6.221218911354205794e+00
