4.196220639702453958e+00
4.119873707640088867e+00
4.120234133697920242e+00
4.120355354021805638e+00
4.120437458999194114e+00
4.120492514144616258e+00
4.120522689289181528e+00
4.120544167434946559e+00
4.120563048751131774e+00
4.120577096172830522e+00
4.120586374750648595e+00
4.120595784897252756e+00
4.120602796294920545e+00
4.120608922110140959e+00
4.120613784228170040e+00
4.120619199653948073e+00
4.120622778126934449e+00
4.120626158584035359e+00
4.120629190487932192e+00
4.120632262389446687e+00
4.120634890285046481e+00
4.120637124764228609e+00
4.120640455360168986e+00
4.120642254024581064e+00
4.120644433202329537e+00
4.120647048459442630e+00
4.120648600288337349e+00
4.120649795287810058e+00
4.120651129411022850e+00
4.120652845581125767e+00
4.120653981210724126e+00
4.120655390360780324e+00
4.120656663891538507e+00
4.120657509806850527e+00
4.120658320890827397e+00
4.120659125255786037e+00
4.120659826927813185e+00
4.120660630456276508e+00
4.120661318480205892e+00
4.120661892423813200e+00
4.120662480371511727e+00
4.120662997106254721e+00
4.120663797373673276e+00
4.120664560725619374e+00
4.120665030293030107e+00
4.120665477169568547e+00
4.120665975783517787e+00
4.120666398726460677e+00
4.120666829857245972e+00
4.120667237224203916e+00
4.120667612081525100e+00
4.120667969618069471e+00
4.120668340987863942e+00
4.120668700461708411e+00
4.120668997690731139e+00
4.120669350370515183e+00
4.120669663578202524e+00
4.120669994032860828e+00
4.120670281457543993e+00
4.120670578195997358e+00
4.120670807140534464e+00
4.120671065318580517e+00
4.120671371534191607e+00
4.120671615932678833e+00
4.120671881547433024e+00
4.120672193282151063e+00
4.120672430251373086e+00
4.120672648543148853e+00
4.120672862118212265e+00
4.120673121257516058e+00
4.120673373635363568e+00
4.120673584728476335e+00
4.120673780118123908e+00
4.120673968853314051e+00
4.120674164052895883e+00
4.120674357077769301e+00
4.120674526861521692e+00
4.120674715167035984e+00
4.120674888357076071e+00
4.120675066516596985e+00
4.120675246583126672e+00
4.120675403671785197e+00
4.120675575262355395e+00
4.120675722105196392e+00
4.120675880292898441e+00
4.120676065107405250e+00
4.120676194097240064e+00
4.120676336865289002e+00
4.120676465156785540e+00
4.120676613942547029e+00
4.120676739741575112e+00
4.120676846757634237e+00
4.120676955795996577e+00
4.120677054847774912e+00
4.120677156692438281e+00
4.120677277444227293e+00
4.120677423226161373e+00
4.120677609254033591e+00
4.120677736189753304e+00
4.120677836560900253e+00
4.120677967976344114e+00
