6.761778418411868330e+00
6.222903765100983975e+00
6.222048826749712269e+00
6.221760250552972771e+00
6.221621685028755344e+00
6.221541870862078660e+00
6.221484049223206192e+00
6.221443282997185520e+00
6.221412584689190339e+00
6.221388633056924355e+00
6.221368712580856553e+00
6.221353328942100802e+00
6.221340132551753221e+00
6.221329013953174503e+00
6.221319370204800414e+00
6.221311506981136219e+00
6.221304219086775333e+00
6.221297671649496763e+00
6.221291919554072791e+00
6.221287017387294505e+00
6.221282540271127814e+00
6.221278564002314049e+00
6.221275288849491325e+00
6.221271863905333710e+00
6.221268680336130785e+00
6.221266164464700488e+00
6.221263580522494507e+00
6.221261113577720714e+00
6.221258929959411432e+00
6.221257165207571660e+00
6.221255263117198453e+00
6.221253571390344739e+00
6.221251962251928447e+00
6.221250346074380211e+00
6.221248841544383623e+00
6.221247371441199547e+00
6.221245955334286037e+00
6.221244684734271502e+00
6.221243468757898576e+00
6.221242314347781743e+00
6.221241208278700086e+00
6.221240112777733700e+00
6.221239188751308546e+00
6.221238354257693892e+00
6.221237482683304343e+00
6.221236601717364145e+00
6.221235821686947887e+00
6.221235062118710246e+00
6.221234326277019555e+00
6.221233565069148597e+00
6.221232858485206130e+00
6.221232196970563955e+00
6.221231557281432956e+00
6.221230950367999668e+00
6.221230362040345518e+00
6.221229789226121021e+00
6.221229230547808520e+00
6.221228706955159282e+00
6.221228200666830688e+00
6.221227703987797675e+00
6.221227212318090949e+00
6.221226752604564147e+00
6.221226326268001650e+00
6.221225878476296600e+00
6.221225463963889091e+00
6.221225087313190905e+00
6.221224694700861590e+00
6.221224325262579846e+00
6.221223953916965144e+00
6.221223605307188542e+00
6.221223266343364422e+00
6.221222930829083175e+00
6.221222606764380103e+00
6.221222288476115914e+00
6.221221985375959385e+00
6.221221698469222794e+00
6.221221403265543515e+00
6.221221116313781607e+00
6.221220833295418196e+00
6.221220579621723701e+00
6.221220327083905488e+00
6.221220061711136395e+00
6.221219816410463288e+00
6.221219568123350641e+00
6.221219321845631534e+00
6.221219117196857162e+00
6.221218886048140995e+00
6.221218654019324390e+00
6.221218425043738343e+00
6.221218218239032538e+00
6.221218007421678742e+00
6.221217799385545533e+00
6.221217595233344611e+00
6.221217390293057647e+00
6.221217195190106963e+00
6.221217010957329485e+00
6.221216840842041407e+00
6.221216687381440735e+00
6.221216517661250833e+00
6.221216343531977166e+00
6.221216186771996171e+00
