6.768145654080262474e+00
6.223191756319491397e+00
6.222194060649318459e+00
6.221865902093295375e+00
6.221699486999969331e+00
6.221602364684009068e+00
6.221533541738964779e+00
6.221485753209683445e+00
6.221449819455850516e+00
6.221421919096806086e+00
6.221399257747250111e+00
6.221380942926873381e+00
6.221365813568444203e+00
6.221353123500331428e+00
6.221342100663941110e+00
6.221332693544217030e+00
6.221324304191592880e+00
6.221316812996620094e+00
6.221310240531328972e+00
6.221304539600295946e+00
6.221299209103979599e+00
6.221294444109715549e+00
6.221290236834562393e+00
6.221286243509665859e+00
6.221282495693336578e+00
6.221279408843840564e+00
6.221276305996839007e+00
6.221273470254458537e+00
6.221270785818457938e+00
6.221268378924880160e+00
6.221266068488060519e+00
6.221263975353184428e+00
6.221262043563503319e+00
6.221260145481558368e+00
6.221258356065712647e+00
6.221256655815841974e+00
6.221255030374543971e+00
6.221253513047311223e+00
6.221252070943834589e+00
6.221250740429631776e+00
6.221249431065708713e+00
6.221248184427168759e+00
6.221247087082592664e+00
6.221246043079418087e+00
6.221244984520221344e+00
6.221243968020801596e+00
6.221242993972181168e+00
6.221242083565287295e+00
6.221241204063767682e+00
6.221240321666916095e+00
6.221239494803394443e+00
6.221238703447125928e+00
6.221237945048103235e+00
6.221237216092548650e+00
6.221236510517778484e+00
6.221235847338242309e+00
6.221235188308408937e+00
6.221234553571396653e+00
6.221233946662811043e+00
6.221233349343065377e+00
6.221232784819106243e+00
6.221232228267934872e+00
6.221231699708734908e+00
6.221231172405741638e+00
6.221230663815763506e+00
6.221230199340203271e+00
6.221229730846513206e+00
6.221229277377196887e+00
6.221228834662359652e+00
6.221228406546345013e+00
6.221227988174410584e+00
6.221227585252417924e+00
6.221227193145209000e+00
6.221226816903273615e+00
6.221226442042295801e+00
6.221226087809639260e+00
6.221225742077941767e+00
6.221225396394077123e+00
6.221225064762939461e+00
6.221224738168074531e+00
6.221224415927479434e+00
6.221224107914983925e+00
6.221223811477869070e+00
6.221223518600414337e+00
6.221223232199625919e+00
6.221222955040276226e+00
6.221222687420507214e+00
6.221222416131388933e+00
6.221222152866218380e+00
6.221221892783637131e+00
6.221221645266258093e+00
6.221221405580410924e+00
6.221221165377597728e+00
6.221220927425565428e+00
6.221220699704134383e+00
6.221220473700069142e+00
6.221220263935215655e+00
6.221220063247387522e+00
6.221219854431527807e+00
6.221219652697895341e+00
6.221219450075343715e+00
