1.000000000000000000e+00
2.440100000000000000e+04
4.880100000000000000e+04
7.320100000000000000e+04
9.760100000000000000e+04
1.220010000000000000e+05
1.464010000000000000e+05
1.708010000000000000e+05
1.952010000000000000e+05
2.196010000000000000e+05
2.440010000000000000e+05
2.684010000000000000e+05
2.928010000000000000e+05
3.172010000000000000e+05
3.416010000000000000e+05
3.660010000000000000e+05
3.904010000000000000e+05
4.148010000000000000e+05
4.392010000000000000e+05
4.636010000000000000e+05
4.880010000000000000e+05
5.124010000000000000e+05
5.368010000000000000e+05
5.612010000000000000e+05
5.856010000000000000e+05
6.100010000000000000e+05
6.344010000000000000e+05
6.588010000000000000e+05
6.832010000000000000e+05
7.076010000000000000e+05
7.320010000000000000e+05
7.564010000000000000e+05
7.808010000000000000e+05
8.052010000000000000e+05
8.296010000000000000e+05
8.540010000000000000e+05
8.784010000000000000e+05
9.028010000000000000e+05
9.272010000000000000e+05
9.516010000000000000e+05
9.760010000000000000e+05
1.000401000000000000e+06
1.024801000000000000e+06
1.049201000000000000e+06
1.073601000000000000e+06
1.098001000000000000e+06
1.122401000000000000e+06
1.146801000000000000e+06
1.171201000000000000e+06
1.195601000000000000e+06
1.220001000000000000e+06
1.244401000000000000e+06
1.268801000000000000e+06
1.293201000000000000e+06
1.317601000000000000e+06
1.342001000000000000e+06
1.366401000000000000e+06
1.390801000000000000e+06
1.415201000000000000e+06
1.439601000000000000e+06
1.464001000000000000e+06
1.488401000000000000e+06
1.512801000000000000e+06
1.537201000000000000e+06
1.561601000000000000e+06
1.586001000000000000e+06
1.610401000000000000e+06
1.634801000000000000e+06
1.659201000000000000e+06
1.683601000000000000e+06
1.708001000000000000e+06
1.732401000000000000e+06
1.756801000000000000e+06
1.781201000000000000e+06
1.805601000000000000e+06
1.830001000000000000e+06
1.854401000000000000e+06
1.878801000000000000e+06
1.903201000000000000e+06
1.927601000000000000e+06
1.952001000000000000e+06
1.976401000000000000e+06
2.000801000000000000e+06
2.025201000000000000e+06
2.049601000000000000e+06
2.074001000000000000e+06
2.098401000000000000e+06
2.122801000000000000e+06
2.147201000000000000e+06
2.171601000000000000e+06
2.196001000000000000e+06
2.220401000000000000e+06
2.244801000000000000e+06
2.269201000000000000e+06
2.293601000000000000e+06
2.318001000000000000e+06
2.342401000000000000e+06
2.366801000000000000e+06
2.391201000000000000e+06
2.415601000000000000e+06
2.440001000000000000e+06
