3.706283275197356231e-01
3.539238506123947303e-01
3.538691022581237355e-01
3.538517270319180286e-01
3.538418919982166400e-01
3.538369744813659179e-01
3.538350074746255958e-01
3.538327126334285810e-01
3.538300899577749292e-01
3.538284507854913552e-01
3.538268116132077812e-01
3.538255002753808998e-01
3.538248446064675146e-01
3.538235332686406331e-01
3.538215662619003665e-01
3.538209105929869813e-01
3.538202549240735406e-01
3.538199270896167925e-01
3.538192714207034073e-01
3.538189435862467147e-01
3.538189435862467147e-01
3.538186157517899666e-01
3.538182879173332185e-01
3.538179600828765259e-01
3.538176322484198333e-01
3.538173044139630852e-01
3.538169765795063926e-01
3.538169765795063926e-01
3.538169765795063926e-01
3.538166487450497000e-01
3.538163209105930074e-01
3.538163209105930074e-01
3.538163209105930074e-01
3.538159930761362593e-01
3.538159930761362593e-01
3.538159930761362593e-01
3.538159930761362593e-01
3.538159930761362593e-01
3.538159930761362593e-01
3.538159930761362593e-01
3.538159930761362593e-01
3.538159930761362593e-01
3.538159930761362593e-01
3.538159930761362593e-01
3.538159930761362593e-01
3.538159930761362593e-01
3.538159930761362593e-01
3.538159930761362593e-01
3.538159930761362593e-01
3.538159930761362593e-01
3.538159930761362593e-01
3.538159930761362593e-01
3.538159930761362593e-01
3.538159930761362593e-01
3.538159930761362593e-01
3.538159930761362593e-01
3.538159930761362593e-01
3.538159930761362593e-01
3.538159930761362593e-01
3.538159930761362593e-01
3.538159930761362593e-01
3.538159930761362593e-01
3.538159930761362593e-01
3.538159930761362593e-01
3.538159930761362593e-01
3.538159930761362593e-01
3.538159930761362593e-01
3.538159930761362593e-01
3.538159930761362593e-01
3.538159930761362593e-01
3.538159930761362593e-01
3.538159930761362593e-01
3.538159930761362593e-01
3.538159930761362593e-01
3.538159930761362593e-01
3.538159930761362593e-01
3.538159930761362593e-01
3.538159930761362593e-01
3.538159930761362593e-01
3.538159930761362593e-01
3.538159930761362593e-01
3.538159930761362593e-01
3.538159930761362593e-01
3.538159930761362593e-01
3.538159930761362593e-01
3.538159930761362593e-01
3.538159930761362593e-01
3.538159930761362593e-01
3.538159930761362593e-01
3.538159930761362593e-01
3.538159930761362593e-01
3.538159930761362593e-01
3.538159930761362593e-01
3.538159930761362593e-01
3.538159930761362593e-01
3.538159930761362593e-01
3.538159930761362593e-01
3.538159930761362593e-01
3.538159930761362593e-01
3.538159930761362593e-01
3.538159930761362593e-01
