3.708397807443153393e-01
3.539313908048991597e-01
3.538713970993206948e-01
3.538543497075717359e-01
3.538448425083270399e-01
3.538382858191927993e-01
3.538350074746256513e-01
3.538336961367988254e-01
3.538320569645151958e-01
3.538297621233182366e-01
3.538274672821212774e-01
3.538271394476644738e-01
3.538258281098375924e-01
3.538241889375540739e-01
3.538228775997272479e-01
3.538215662619003665e-01
3.538209105929869813e-01
3.538202549240735961e-01
3.538192714207034073e-01
3.538186157517899666e-01
3.538186157517899666e-01
3.538182879173332185e-01
3.538182879173332185e-01
3.538179600828765259e-01
3.538176322484198333e-01
3.538176322484198333e-01
3.538176322484198333e-01
3.538176322484198333e-01
3.538173044139631407e-01
3.538169765795063926e-01
3.538169765795063926e-01
3.538169765795063926e-01
3.538163209105929519e-01
3.538159930761362593e-01
3.538159930761362593e-01
3.538159930761362593e-01
3.538159930761362593e-01
3.538159930761362593e-01
3.538159930761362593e-01
3.538159930761362593e-01
3.538159930761362593e-01
3.538159930761362593e-01
3.538159930761362593e-01
3.538159930761362593e-01
3.538159930761362593e-01
3.538159930761362593e-01
3.538159930761362593e-01
3.538159930761362593e-01
3.538159930761362593e-01
3.538159930761362593e-01
3.538159930761362593e-01
3.538159930761362593e-01
3.538159930761362593e-01
3.538159930761362593e-01
3.538159930761362593e-01
3.538159930761362593e-01
3.538159930761362593e-01
3.538159930761362593e-01
3.538159930761362593e-01
3.538159930761362593e-01
3.538159930761362593e-01
3.538159930761362593e-01
3.538159930761362593e-01
3.538159930761362593e-01
3.538159930761362593e-01
3.538159930761362593e-01
3.538159930761362593e-01
3.538159930761362593e-01
3.538159930761362593e-01
3.538159930761362593e-01
3.538159930761362593e-01
3.538159930761362593e-01
3.538159930761362593e-01
3.538159930761362593e-01
3.538159930761362593e-01
3.538159930761362593e-01
3.538159930761362593e-01
3.538159930761362593e-01
3.538159930761362593e-01
3.538159930761362593e-01
3.538159930761362593e-01
3.538159930761362593e-01
3.538159930761362593e-01
3.538159930761362593e-01
3.538159930761362593e-01
3.538159930761362593e-01
3.538159930761362593e-01
3.538159930761362593e-01
3.538159930761362593e-01
3.538159930761362593e-01
3.538159930761362593e-01
3.538159930761362593e-01
3.538159930761362593e-01
3.538159930761362593e-01
3.538159930761362593e-01
3.538159930761362593e-01
3.538159930761362593e-01
3.538159930761362593e-01
3.538159930761362593e-01
3.538159930761362593e-01
3.538159930761362593e-01
