4.196361413947111707e+00
4.119883504535316376e+00
4.120245035575791803e+00
4.120362917366091615e+00
4.120444011912167248e+00
4.120498495695242624e+00
4.120527708293481695e+00
4.120549261181852607e+00
4.120567805624917312e+00
4.120581404366447487e+00
4.120590004782007654e+00
4.120598831277177077e+00
4.120605347651590478e+00
4.120611153026930928e+00
4.120615691618005449e+00
4.120621128460431493e+00
4.120624453533742404e+00
4.120627526668057428e+00
4.120630401333254866e+00
4.120633364783346408e+00
4.120635888471515074e+00
4.120638082459039175e+00
4.120641391944472431e+00
4.120643075156953827e+00
4.120645136911170070e+00
4.120647605961005766e+00
4.120649173656250497e+00
4.120650297033666476e+00
4.120651698287140619e+00
4.120653540479457533e+00
4.120654691351468557e+00
4.120656045632712150e+00
4.120657238641588727e+00
4.120658048693322861e+00
4.120658862109784160e+00
4.120659619574295718e+00
4.120660258741954962e+00
4.120661023538355394e+00
4.120661703782598551e+00
4.120662247706456505e+00
4.120662795513798216e+00
4.120663277041724193e+00
4.120664048223175335e+00
4.120664823711206459e+00
4.120665306259845728e+00
4.120665722433413336e+00
4.120666246297156832e+00
4.120666686608123186e+00
4.120667109936857919e+00
4.120667506082853926e+00
4.120667863285381927e+00
4.120668227895019520e+00
4.120668585948996210e+00
4.120668958350456101e+00
4.120669259404960982e+00
4.120669596131777190e+00
4.120669899411829817e+00
4.120670233176909392e+00
4.120670519584267666e+00
4.120670820906724430e+00
4.120671034781179465e+00
4.120671299923482245e+00
4.120671610248442640e+00
4.120671843926571931e+00
4.120672122277061256e+00
4.120672415558138013e+00
4.120672647425366542e+00
4.120672875081488051e+00
4.120673084201793124e+00
4.120673347155638488e+00
4.120673594240632731e+00
4.120673803382586264e+00
4.120673997768555807e+00
4.120674189777894902e+00
4.120674394174375976e+00
4.120674591687075505e+00
4.120674751202854758e+00
4.120674943984093730e+00
4.120675115652608689e+00
4.120675312937334134e+00
4.120675507264915716e+00
4.120675661680904156e+00
4.120675835051017089e+00
4.120675970469799942e+00
4.120676122493167171e+00
4.120676330610124616e+00
4.120676454015617551e+00
4.120676585683455961e+00
4.120676706553180857e+00
4.120676855389477033e+00
4.120676973965503365e+00
4.120677077865170901e+00
4.120677183801912946e+00
4.120677275508454862e+00
4.120677369826368341e+00
4.120677492325437896e+00
4.120677632161781290e+00
4.120677809759557775e+00
4.120677941687853618e+00
4.120678038690780198e+00
4.120678179824873055e+00
