3.704185134674395918e-01
3.539297516326156412e-01
3.538822156363922722e-01
3.538664795824700282e-01
3.538582837210522691e-01
3.538382858191927993e-01
3.538366466469092253e-01
3.538336961367987699e-01
3.538314012956017551e-01
3.538304177922316218e-01
3.538284507854913552e-01
3.538277951165779145e-01
3.538268116132077812e-01
3.538255002753809553e-01
3.538232054341839405e-01
3.538225497652705553e-01
3.538225497652705553e-01
3.538215662619003665e-01
3.538212384274436739e-01
3.538209105929869813e-01
3.538209105929869813e-01
3.538189435862467147e-01
3.538189435862467147e-01
3.538189435862467147e-01
3.538182879173332185e-01
3.538182879173332185e-01
3.538179600828765259e-01
3.538179600828765259e-01
3.538179600828765259e-01
3.538173044139631407e-01
3.538169765795064481e-01
3.538169765795064481e-01
3.538169765795064481e-01
3.538169765795064481e-01
3.538169765795064481e-01
3.538169765795064481e-01
3.538169765795064481e-01
3.538169765795064481e-01
3.538169765795064481e-01
3.538169765795064481e-01
3.538169765795064481e-01
3.538169765795064481e-01
3.538169765795064481e-01
3.538169765795064481e-01
3.538169765795064481e-01
3.538169765795064481e-01
3.538169765795064481e-01
3.538169765795064481e-01
3.538169765795064481e-01
3.538169765795064481e-01
3.538169765795064481e-01
3.538169765795064481e-01
3.538169765795064481e-01
3.538166487450497555e-01
3.538166487450497555e-01
3.538166487450497555e-01
3.538166487450497555e-01
3.538166487450497555e-01
3.538166487450497555e-01
3.538166487450497555e-01
3.538166487450497555e-01
3.538166487450497555e-01
3.538166487450497555e-01
3.538166487450497555e-01
3.538166487450497555e-01
3.538166487450497555e-01
3.538166487450497555e-01
3.538166487450497555e-01
3.538166487450497555e-01
3.538166487450497555e-01
3.538166487450497555e-01
3.538166487450497555e-01
3.538166487450497555e-01
3.538166487450497555e-01
3.538166487450497555e-01
3.538166487450497555e-01
3.538166487450497555e-01
3.538166487450497555e-01
3.538166487450497555e-01
3.538166487450497555e-01
3.538166487450497555e-01
3.538166487450497555e-01
3.538166487450497555e-01
3.538166487450497555e-01
3.538166487450497555e-01
3.538166487450497555e-01
3.538166487450497555e-01
3.538166487450497555e-01
3.538166487450497555e-01
3.538166487450497555e-01
3.538166487450497555e-01
3.538166487450497555e-01
3.538166487450497555e-01
3.538166487450497555e-01
3.538166487450497555e-01
3.538166487450497555e-01
3.538166487450497555e-01
3.538166487450497555e-01
3.538166487450497555e-01
3.538166487450497555e-01
3.538166487450497555e-01
