6.760654581519307982e+00
6.228171074473174862e+00
6.227278428909934327e+00
6.223914677663768380e+00
6.223753675830632659e+00
6.221558537728164140e+00
6.221497392603907883e+00
6.221455471193391595e+00
6.221423751046931905e+00
6.221399082339027053e+00
6.221378854321764074e+00
6.221362585601838191e+00
6.221349240904531008e+00
6.221337971806062406e+00
6.221328194734861761e+00
6.221319918594661935e+00
6.221312443091351341e+00
6.221305758881753967e+00
6.221299970717452332e+00
6.221294934582709324e+00
6.221290189274589544e+00
6.221283310299228653e+00
6.221279493362847468e+00
6.221275953965814232e+00
6.221272609129302467e+00
6.221269740288386529e+00
6.221267006316251624e+00
6.221264495215697465e+00
6.221262118259372365e+00
6.221259941447478958e+00
6.221257904645592696e+00
6.221256034592601125e+00
6.221254297797417010e+00
6.221252629843719184e+00
6.221251057677994467e+00
6.221249560815806490e+00
6.221248123680915398e+00
6.221246790287439765e+00
6.221245519917474098e+00
6.221244350168439574e+00
6.221243183800103438e+00
6.221242078676342047e+00
6.221241099603108005e+00
6.221240164710782672e+00
6.221239242104431355e+00
6.221238344383928975e+00
6.221237497686281870e+00
6.221236694445553717e+00
6.221235939181818608e+00
6.221235159047076024e+00
6.221234428371448466e+00
6.221233737835656363e+00
6.221233070493099149e+00
6.221232539204168965e+00
6.221231962028911155e+00
6.221231376863425311e+00
6.221230793683313109e+00
6.221230230638703063e+00
6.221229696304004797e+00
6.221229167836416885e+00
6.221228668279514373e+00
6.221228194212688578e+00
6.221227732074339656e+00
6.221227262621019882e+00
6.221226834755989366e+00
6.221226415133513044e+00
6.221226002313597014e+00
6.221225604640468809e+00
6.221225212763593859e+00
6.221224834861256880e+00
6.221224481801743700e+00
6.221224127997488473e+00
6.221223779827863787e+00
6.221223447262371309e+00
6.221223114971690116e+00
6.221222800828751787e+00
6.221222494948010606e+00
6.221222187940389503e+00
6.221221894326918189e+00
6.221221604357394241e+00
6.221221316726149198e+00
6.221221045445629372e+00
6.221220784437816675e+00
6.221220525912785071e+00
6.221220289595051689e+00
6.221220079878066578e+00
6.221219844573306901e+00
6.221219605150540843e+00
6.221219369744205530e+00
6.221219140764535638e+00
6.221218921812003977e+00
6.221218709389564339e+00
6.221218497310510465e+00
6.221218286348237037e+00
6.221218085015773447e+00
6.221217885005128956e+00
6.221217719235706767e+00
6.221217535896638395e+00
6.221217351227817716e+00
6.221217173061616812e+00
6.221217000633844307e+00
