4.196845113011582917e+00
4.119955527021915920e+00
4.120283681796664155e+00
4.120406676595165685e+00
4.120476439324821882e+00
4.120521300856577085e+00
4.120544784501318780e+00
4.120564406639304345e+00
4.120581374807619213e+00
4.120593892070535169e+00
4.120602121421398145e+00
4.120609582398008897e+00
4.120616004961045853e+00
4.120621683193030904e+00
4.120626028624194248e+00
4.120630773810075809e+00
4.120633965190799941e+00
4.120636919450118896e+00
4.120639838766476437e+00
4.120642629582911276e+00
4.120644734056514658e+00
4.120646614645965933e+00
4.120649076853911907e+00
4.120650605382626175e+00
4.120652359559382916e+00
4.120654436183428970e+00
4.120655715323454871e+00
4.120656802083692227e+00
4.120657864610911325e+00
4.120659016441350353e+00
4.120659913430385402e+00
4.120660994592042492e+00
4.120662041512801466e+00
4.120662767960652673e+00
4.120663454291564776e+00
4.120664183879259923e+00
4.120664786990754891e+00
4.120665430460584311e+00
4.120666005861207459e+00
4.120666528859254996e+00
4.120667009257350522e+00
4.120667473542874326e+00
4.120668168732896319e+00
4.120668793091451398e+00
4.120669182528901686e+00
4.120669569824325862e+00
4.120669956516720411e+00
4.120670320806463671e+00
4.120670685888117468e+00
4.120671046376339852e+00
4.120671359789392696e+00
4.120671661681533315e+00
4.120671970430617392e+00
4.120672290653836889e+00
4.120672550657157096e+00
4.120672867740839962e+00
4.120673122461540494e+00
4.120673380963210342e+00
4.120673617915230125e+00
4.120673855793451246e+00
4.120674060436904540e+00
4.120674273707773061e+00
4.120674513761758639e+00
4.120674708360644090e+00
4.120674915559861873e+00
4.120675148596576243e+00
4.120675345378567833e+00
4.120675518481666799e+00
4.120675692873035700e+00
4.120675899468515979e+00
4.120676088306279183e+00
4.120676265975928843e+00
4.120676416996076341e+00
4.120676582774081886e+00
4.120676733420938653e+00
4.120676884959184605e+00
4.120677026918290409e+00
4.120677181055217631e+00
4.120677335208606351e+00
4.120677461841330214e+00
4.120677589996056156e+00
4.120677732686613304e+00
4.120677875808102186e+00
4.120677996769775753e+00
4.120678138416632663e+00
4.120678271823328132e+00
4.120678389306431377e+00
4.120678507414726077e+00
4.120678617416373868e+00
4.120678724459188480e+00
4.120678829790568543e+00
4.120678929902688914e+00
4.120679022320580920e+00
4.120679105198272296e+00
4.120679191106582095e+00
4.120679284822428734e+00
4.120679401051399182e+00
4.120679536395401854e+00
4.120679638340642548e+00
4.120679730888396897e+00
4.120679832406894505e+00
