3.707722468462325560e-01
3.539271289569618784e-01
3.538704135959505614e-01
3.538527105352881619e-01
3.538448425083270399e-01
3.538373023158226660e-01
3.538350074746256513e-01
3.538330404678853847e-01
3.538307456266883699e-01
3.538287786199480478e-01
3.538271394476645293e-01
3.538261559442943960e-01
3.538255002753808998e-01
3.538245167720108220e-01
3.538228775997272479e-01
3.538222219308138072e-01
3.538209105929869813e-01
3.538202549240735406e-01
3.538195992551600999e-01
3.538186157517899666e-01
3.538186157517899666e-01
3.538182879173332185e-01
3.538179600828765259e-01
3.538179600828765259e-01
3.538176322484198333e-01
3.538176322484198333e-01
3.538176322484198333e-01
3.538173044139631407e-01
3.538173044139631407e-01
3.538169765795063926e-01
3.538169765795063926e-01
3.538163209105930074e-01
3.538163209105930074e-01
3.538159930761362593e-01
3.538159930761362593e-01
3.538159930761362593e-01
3.538159930761362593e-01
3.538159930761362593e-01
3.538159930761362593e-01
3.538159930761362593e-01
3.538159930761362593e-01
3.538159930761362593e-01
3.538159930761362593e-01
3.538159930761362593e-01
3.538159930761362593e-01
3.538159930761362593e-01
3.538159930761362593e-01
3.538159930761362593e-01
3.538159930761362593e-01
3.538159930761362593e-01
3.538159930761362593e-01
3.538159930761362593e-01
3.538159930761362593e-01
3.538159930761362593e-01
3.538159930761362593e-01
3.538159930761362593e-01
3.538159930761362593e-01
3.538159930761362593e-01
3.538159930761362593e-01
3.538159930761362593e-01
3.538159930761362593e-01
3.538159930761362593e-01
3.538159930761362593e-01
3.538159930761362593e-01
3.538159930761362593e-01
3.538159930761362593e-01
3.538159930761362593e-01
3.538159930761362593e-01
3.538159930761362593e-01
3.538159930761362593e-01
3.538159930761362593e-01
3.538159930761362593e-01
3.538159930761362593e-01
3.538159930761362593e-01
3.538159930761362593e-01
3.538159930761362593e-01
3.538159930761362593e-01
3.538159930761362593e-01
3.538159930761362593e-01
3.538159930761362593e-01
3.538159930761362593e-01
3.538159930761362593e-01
3.538159930761362593e-01
3.538159930761362593e-01
3.538159930761362593e-01
3.538159930761362593e-01
3.538159930761362593e-01
3.538159930761362593e-01
3.538159930761362593e-01
3.538159930761362593e-01
3.538159930761362593e-01
3.538159930761362593e-01
3.538159930761362593e-01
3.538159930761362593e-01
3.538159930761362593e-01
3.538159930761362593e-01
3.538159930761362593e-01
3.538159930761362593e-01
3.538159930761362593e-01
3.538159930761362593e-01
3.538159930761362593e-01
