4.197167335231461571e+00
4.119888129440728797e+00
4.120246690577514137e+00
4.120382463853069055e+00
4.120457673567219814e+00
4.120506943496454966e+00
4.120532479921467761e+00
4.120553923374129290e+00
4.120572083791984141e+00
4.120585739366141809e+00
4.120594677728417921e+00
4.120602730081749598e+00
4.120609717483479706e+00
4.120615932114523261e+00
4.120620681675837282e+00
4.120625791550641459e+00
4.120629302186876508e+00
4.120632451940966945e+00
4.120635583725086981e+00
4.120638666997264110e+00
4.120640964502293890e+00
4.120643013685727496e+00
4.120645707117273737e+00
4.120647364064971896e+00
4.120649198450910156e+00
4.120651477100167881e+00
4.120652868601765384e+00
4.120654058497981609e+00
4.120655215839807539e+00
4.120656482132289078e+00
4.120657447918007144e+00
4.120658641134168576e+00
4.120659773666934811e+00
4.120660555740547792e+00
4.120661300842035857e+00
4.120662096869733837e+00
4.120662740180314643e+00
4.120663442573527568e+00
4.120664065982055035e+00
4.120664633000797217e+00
4.120665151161690076e+00
4.120665649683831866e+00
4.120666405535736487e+00
4.120667095798189905e+00
4.120667520256596994e+00
4.120667939616127207e+00
4.120668361196370810e+00
4.120668764326753220e+00
4.120669155301651010e+00
4.120669537886256784e+00
4.120669878053487167e+00
4.120670202649666436e+00
4.120670539307680791e+00
4.120670886427638457e+00
4.120671167285582470e+00
4.120671513060789160e+00
4.120671789843457944e+00
4.120672067831933738e+00
4.120672324078064719e+00
4.120672575839918750e+00
4.120672799132325537e+00
4.120673028034030239e+00
4.120673283089665517e+00
4.120673492862024112e+00
4.120673714944108390e+00
4.120673970559465715e+00
4.120674183639844834e+00
4.120674373758524744e+00
4.120674562396779983e+00
4.120674787546543705e+00
4.120674989737684868e+00
4.120675181321706404e+00
4.120675345445594218e+00
4.120675527112007686e+00
4.120675692851911265e+00
4.120675857105747575e+00
4.120676011347907064e+00
4.120676177997508738e+00
4.120676344615823439e+00
4.120676482904789495e+00
4.120676620553651581e+00
4.120676778919044381e+00
4.120676936636622933e+00
4.120677068346737748e+00
4.120677223173446535e+00
4.120677369110684829e+00
4.120677496149642849e+00
4.120677623829138270e+00
4.120677743596496079e+00
4.120677858779413505e+00
4.120677973262757199e+00
4.120678084223428073e+00
4.120678184559057655e+00
4.120678275111454347e+00
4.120678367569542644e+00
4.120678468986321619e+00
4.120678597076179450e+00
4.120678745380605079e+00
4.120678854845770900e+00
4.120678955534474497e+00
4.120679067792621275e+00
