6.760944381864064212e+00
6.222885454924396598e+00
6.222037532782506375e+00
6.221752671345400998e+00
6.221615416776030472e+00
6.221536415159303779e+00
6.221479624039609746e+00
6.221439053313964962e+00
6.221408893565427256e+00
6.221385318734656167e+00
6.221365950962288949e+00
6.221350962597465895e+00
6.221338060236261569e+00
6.221327184122117160e+00
6.221317785970868819e+00
6.221309931836051632e+00
6.221302784394685759e+00
6.221296471608356526e+00
6.221290822959596234e+00
6.221285987629602054e+00
6.221281582413961786e+00
6.221277641786072010e+00
6.221274417138654478e+00
6.221271065815423107e+00
6.221268026316524313e+00
6.221265603950599576e+00
6.221263023179513851e+00
6.221260595597175147e+00
6.221258389140490230e+00
6.221256564989234406e+00
6.221254663264327966e+00
6.221252998959276859e+00
6.221251435052249867e+00
6.221249836674407341e+00
6.221248331410420107e+00
6.221246887178022433e+00
6.221245517589852447e+00
6.221244266619148533e+00
6.221243056368428448e+00
6.221241919493087913e+00
6.221240834218458637e+00
6.221239767241773855e+00
6.221238859303175772e+00
6.221238020282034320e+00
6.221237143355655697e+00
6.221236280238921168e+00
6.221235488937860048e+00
6.221234722918086213e+00
6.221233993761534187e+00
6.221233249252625441e+00
6.221232555352692373e+00
6.221231894075762270e+00
6.221231260897850390e+00
6.221230651666368239e+00
6.221230062847657116e+00
6.221229499488567072e+00
6.221228950488679743e+00
6.221228433659684143e+00
6.221227929346247798e+00
6.221227435658890137e+00
6.221226952775311680e+00
6.221226491841996165e+00
6.221226065692749607e+00
6.221225627070675834e+00
6.221225210793624782e+00
6.221224844139161547e+00
6.221224455307413415e+00
6.221224082239472430e+00
6.221223714650098380e+00
6.221223366200066884e+00
6.221223033652518275e+00
6.221222700384892335e+00
6.221222377820855520e+00
6.221222059387807590e+00
6.221221752457396725e+00
6.221221464614367314e+00
6.221221175224306066e+00
6.221220890343430732e+00
6.221220610494634151e+00
6.221220348581172566e+00
6.221220092094251974e+00
6.221219829393874079e+00
6.221219584499522171e+00
6.221219341698496663e+00
6.221219100553828874e+00
6.221218885318779535e+00
6.221218657403032815e+00
6.221218432066054405e+00
6.221218209745576821e+00
6.221218004174341232e+00
6.221217797717804032e+00
6.221217591736253105e+00
6.221217389985002733e+00
6.221217189157033367e+00
6.221216997974295282e+00
6.221216813932947787e+00
6.221216647097849162e+00
6.221216498181748378e+00
6.221216328301450105e+00
6.221216156188053681e+00
6.221215995269846033e+00
