5.156150125125861017e+00
5.056964010383714125e+00
5.056435569482570891e+00
5.056253834152061977e+00
5.056166594249988933e+00
5.056114137969537126e+00
5.056077313266511553e+00
5.056052644970155718e+00
5.056033208755101427e+00
5.056018696965555392e+00
5.056007075153344132e+00
5.055997548643555994e+00
5.055989640329143775e+00
5.055983025918776796e+00
5.055977170336749538e+00
5.055972169752611656e+00
5.055967784358136541e+00
5.055964045131609907e+00
5.055960667546546716e+00
5.055957639829355976e+00
5.055954838969891618e+00
5.055952401443506439e+00
5.055950063975817699e+00
5.055947991581279055e+00
5.055946042177696498e+00
5.055944263689763574e+00
5.055942642832937040e+00
5.055941110858129584e+00
5.055939626173904244e+00
5.055938347851467007e+00
5.055937143773847176e+00
5.055935962091908209e+00
5.055934877695536400e+00
5.055933910900048289e+00
5.055932972854177088e+00
5.055932120955711540e+00
5.055931290010848400e+00
5.055930495689497484e+00
5.055929760172602982e+00
5.055929052584676953e+00
5.055928363964647509e+00
5.055927714163935605e+00
5.055927100371287786e+00
5.055926509562246984e+00
5.055925969052304403e+00
5.055925448342111217e+00
5.055924937574379996e+00
5.055924471511336726e+00
5.055924004357664536e+00
5.055923551034096519e+00
5.055923125619746550e+00
5.055922712842453315e+00
5.055922321901060279e+00
5.055921954552260900e+00
5.055921590236199137e+00
5.055921253648577363e+00
5.055920910559440706e+00
5.055920580392065489e+00
5.055920260095119190e+00
5.055919953607800110e+00
5.055919654170359934e+00
5.055919353631945334e+00
5.055919078123437771e+00
5.055918809752613541e+00
5.055918547755452686e+00
5.055918300342504779e+00
5.055918049145176063e+00
5.055917815639276114e+00
5.055917595835051515e+00
5.055917371959347761e+00
5.055917153541471087e+00
5.055916934506432980e+00
5.055916729189013026e+00
5.055916526702204372e+00
5.055916325013004808e+00
5.055916133685697034e+00
5.055915957703357222e+00
5.055915781728694824e+00
5.055915616785669364e+00
5.055915442452154629e+00
5.055915271934694033e+00
5.055915110639157106e+00
5.055914953753818608e+00
5.055914804322004130e+00
5.055914653781414358e+00
5.055914508007972152e+00
5.055914369510248640e+00
5.055914229963940798e+00
5.055914093377380070e+00
5.055913959800170332e+00
5.055913827598219612e+00
5.055913702798390474e+00
5.055913579583140915e+00
5.055913460714069885e+00
5.055913338463451367e+00
5.055913220092469906e+00
5.055913107719747224e+00
5.055912994469468735e+00
5.055912885298217141e+00
5.055912774150970179e+00
