3.705335088265621746e+00
3.674732890313738398e+00
3.674606865704897807e+00
3.674564873023327127e+00
3.674544782565729584e+00
3.674533442163186781e+00
3.674524973135905537e+00
3.674519488614383711e+00
3.674515301789679000e+00
3.674511985458694507e+00
3.674509349710732398e+00
3.674507200490968017e+00
3.674505442054619930e+00
3.674504064380911927e+00
3.674502738706480365e+00
3.674501620847165029e+00
3.674500633518324122e+00
3.674499812314058644e+00
3.674499032554978228e+00
3.674498361749220621e+00
3.674497755542472266e+00
3.674497223396874901e+00
3.674496728285356895e+00
3.674496266185665938e+00
3.674495847627052392e+00
3.674495449198244224e+00
3.674495091053423756e+00
3.674494761843087876e+00
3.674494436802753672e+00
3.674494151273619114e+00
3.674493879159763221e+00
3.674493612103712170e+00
3.674493377450148035e+00
3.674493161593916923e+00
3.674492947620946026e+00
3.674492768947885235e+00
3.674492583139749247e+00
3.674492409822160965e+00
3.674492244349316650e+00
3.674492086143543723e+00
3.674491931375724274e+00
3.674491784741216627e+00
3.674491649982269070e+00
3.674491520241199627e+00
3.674491399857916285e+00
3.674491278972782826e+00
3.674491160955680513e+00
3.674491056653381271e+00
3.674490950519095467e+00
3.674490852495079896e+00
3.674490759979561538e+00
3.674490669607984650e+00
3.674490584468860899e+00
3.674490504273146385e+00
3.674490422776388154e+00
3.674490348773649995e+00
3.674490271498067173e+00
3.674490196259895036e+00
3.674490124388717582e+00
3.674490058199786358e+00
3.674489993232016971e+00
3.674489925263191736e+00
3.674489866963983609e+00
3.674489804880205046e+00
3.674489744587836615e+00
3.674489690030809275e+00
3.674489634918541192e+00
3.674489582566273338e+00
3.674489534542337843e+00
3.674489486908846914e+00
3.674489438822226006e+00
3.674489393458312492e+00
3.674489348327697691e+00
3.674489302996974516e+00
3.674489258036537809e+00
3.674489213860033576e+00
3.674489174853857065e+00
3.674489136392123712e+00
3.674489099597891606e+00
3.674489059583064154e+00
3.674489020882188317e+00
3.674488989492224800e+00
3.674488954348936520e+00
3.674488922520962930e+00
3.674488888520128338e+00
3.674488856488291599e+00
3.674488826478948145e+00
3.674488795317313095e+00
3.674488764735015955e+00
3.674488735493010250e+00
3.674488706126080029e+00
3.674488678474101100e+00
3.674488650822180791e+00
3.674488624780820167e+00
3.674488598635672787e+00
3.674488571844706453e+00
3.674488547233592417e+00
3.674488521488215920e+00
3.674488497338030513e+00
3.674488473016378265e+00
