1.000000000000000000e+00
4.001000000000000000e+03
8.001000000000000000e+03
1.200100000000000000e+04
1.600100000000000000e+04
2.000100000000000000e+04
2.400100000000000000e+04
2.800100000000000000e+04
3.200100000000000000e+04
3.600100000000000000e+04
4.000100000000000000e+04
4.400100000000000000e+04
4.800100000000000000e+04
5.200100000000000000e+04
5.600100000000000000e+04
6.000100000000000000e+04
6.400100000000000000e+04
6.800100000000000000e+04
7.200100000000000000e+04
7.600100000000000000e+04
8.000100000000000000e+04
8.400100000000000000e+04
8.800100000000000000e+04
9.200100000000000000e+04
9.600100000000000000e+04
1.000010000000000000e+05
1.040010000000000000e+05
1.080010000000000000e+05
1.120010000000000000e+05
1.160010000000000000e+05
1.200010000000000000e+05
1.240010000000000000e+05
1.280010000000000000e+05
1.320010000000000000e+05
1.360010000000000000e+05
1.400010000000000000e+05
1.440010000000000000e+05
1.480010000000000000e+05
1.520010000000000000e+05
1.560010000000000000e+05
1.600010000000000000e+05
1.640010000000000000e+05
1.680010000000000000e+05
1.720010000000000000e+05
1.760010000000000000e+05
1.800010000000000000e+05
1.840010000000000000e+05
1.880010000000000000e+05
1.920010000000000000e+05
1.960010000000000000e+05
2.000010000000000000e+05
2.040010000000000000e+05
2.080010000000000000e+05
2.120010000000000000e+05
2.160010000000000000e+05
2.200010000000000000e+05
2.240010000000000000e+05
2.280010000000000000e+05
2.320010000000000000e+05
2.360010000000000000e+05
2.400010000000000000e+05
2.440010000000000000e+05
2.480010000000000000e+05
2.520010000000000000e+05
2.560010000000000000e+05
2.600010000000000000e+05
2.640010000000000000e+05
2.680010000000000000e+05
2.720010000000000000e+05
2.760010000000000000e+05
2.800010000000000000e+05
2.840010000000000000e+05
2.880010000000000000e+05
2.920010000000000000e+05
2.960010000000000000e+05
3.000010000000000000e+05
3.040010000000000000e+05
3.080010000000000000e+05
3.120010000000000000e+05
3.160010000000000000e+05
3.200010000000000000e+05
3.240010000000000000e+05
3.280010000000000000e+05
3.320010000000000000e+05
3.360010000000000000e+05
3.400010000000000000e+05
3.440010000000000000e+05
3.480010000000000000e+05
3.520010000000000000e+05
3.560010000000000000e+05
3.600010000000000000e+05
3.640010000000000000e+05
3.680010000000000000e+05
3.720010000000000000e+05
3.760010000000000000e+05
3.800010000000000000e+05
3.840010000000000000e+05
3.880010000000000000e+05
3.920010000000000000e+05
3.960010000000000000e+05
