3.706291711583382664e+00
3.674737828103576298e+00
3.674610336762605289e+00
3.674566808909004667e+00
3.674546172643851527e+00
3.674534628639107403e+00
3.674525994179333566e+00
3.674520441082422373e+00
3.674516352874374725e+00
3.674512926868699125e+00
3.674510268653578660e+00
3.674508072137919967e+00
3.674506242034658143e+00
3.674504778176614028e+00
3.674503410847500096e+00
3.674502246596414334e+00
3.674501220940530555e+00
3.674500355385601491e+00
3.674499568287716844e+00
3.674498865539604697e+00
3.674498220902273182e+00
3.674497672456675801e+00
3.674497158014491838e+00
3.674496668981767300e+00
3.674496239702877975e+00
3.674495822068873263e+00
3.674495448293488398e+00
3.674495089610599674e+00
3.674494743593696988e+00
3.674494453531364169e+00
3.674494171529898434e+00
3.674493890221258052e+00
3.674493642551816208e+00
3.674493415851351585e+00
3.674493199077613070e+00
3.674493014733237306e+00
3.674492821662795894e+00
3.674492641990059649e+00
3.674492472391992059e+00
3.674492310379294135e+00
3.674492146230514233e+00
3.674491995018823509e+00
3.674491852331143615e+00
3.674491714796564779e+00
3.674491592718835520e+00
3.674491469197335825e+00
3.674491347841938538e+00
3.674491238929282311e+00
3.674491128791399941e+00
3.674491024350953428e+00
3.674490927030077625e+00
3.674490833486554919e+00
3.674490745950816706e+00
3.674490663752315367e+00
3.674490579886475761e+00
3.674490504725834938e+00
3.674490424689194068e+00
3.674490347107860266e+00
3.674490271912102646e+00
3.674490203145043488e+00
3.674490134839567990e+00
3.674490063990702549e+00
3.674490003128003668e+00
3.674489939929667770e+00
3.674489876910484565e+00
3.674489820034806620e+00
3.674489763005860610e+00
3.674489708301668323e+00
3.674489658137218395e+00
3.674489607666514335e+00
3.674489557913096061e+00
3.674489510951155058e+00
3.674489463869074157e+00
3.674489417423246085e+00
3.674489371549528371e+00
3.674489325493615510e+00
3.674489285603621092e+00
3.674489245930968817e+00
3.674489208443346921e+00
3.674489166961625752e+00
3.674489126443262865e+00
3.674489094416057977e+00
3.674489058017177179e+00
3.674489025539403819e+00
3.674488989953411888e+00
3.674488955939836821e+00
3.674488924944073087e+00
3.674488892219644587e+00
3.674488860457355788e+00
3.674488830613507506e+00
3.674488800021463053e+00
3.674488771081750649e+00
3.674488742265209495e+00
3.674488715167701702e+00
3.674488687785478991e+00
3.674488660048352617e+00
3.674488634731615022e+00
3.674488609162747554e+00
3.674488583920039186e+00
3.674488557873277106e+00
