1.443385628510555907e-01
1.144354057718380835e-01
1.140983924075150285e-01
1.139860546194073065e-01
1.139066434243656972e-01
1.138620956808057416e-01
1.138388533798179586e-01
1.138214216540770901e-01
1.138136742204144958e-01
1.137962424946736550e-01
1.137904319194266989e-01
1.137826844857641045e-01
1.137788107689328004e-01
1.137749370521014963e-01
1.137730001936858443e-01
1.137691264768545540e-01
1.137671896184389020e-01
1.137652527600232499e-01
1.137633159016075979e-01
1.137633159016075979e-01
1.137633159016075979e-01
1.137633159016075979e-01
1.137633159016075979e-01
1.137633159016075979e-01
1.137613790431919458e-01
1.137613790431919458e-01
1.137613790431919458e-01
1.137613790431919458e-01
1.137613790431919458e-01
1.137613790431919458e-01
1.137613790431919458e-01
1.137575053263606417e-01
1.137555684679449897e-01
1.137555684679449897e-01
1.137555684679449897e-01
1.137555684679449897e-01
1.137555684679449897e-01
1.137536316095293376e-01
1.137536316095293376e-01
1.137536316095293376e-01
1.137536316095293376e-01
1.137536316095293376e-01
1.137516947511136856e-01
1.137516947511136856e-01
1.137516947511136856e-01
1.137516947511136856e-01
1.137516947511136856e-01
1.137516947511136856e-01
1.137516947511136856e-01
1.137516947511136856e-01
1.137516947511136856e-01
1.137516947511136856e-01
1.137516947511136856e-01
1.137516947511136856e-01
1.137516947511136856e-01
1.137516947511136856e-01
1.137516947511136856e-01
1.137516947511136856e-01
1.137516947511136856e-01
1.137516947511136856e-01
1.137516947511136856e-01
1.137516947511136856e-01
1.137516947511136856e-01
1.137516947511136856e-01
1.137516947511136856e-01
1.137497578926980613e-01
1.137497578926980613e-01
1.137497578926980613e-01
1.137497578926980613e-01
1.137497578926980613e-01
1.137497578926980613e-01
1.137497578926980613e-01
1.137497578926980613e-01
1.137497578926980613e-01
1.137497578926980613e-01
1.137497578926980613e-01
1.137497578926980613e-01
1.137497578926980613e-01
1.137497578926980613e-01
1.137497578926980613e-01
1.137497578926980613e-01
1.137497578926980613e-01
1.137497578926980613e-01
1.137497578926980613e-01
1.137497578926980613e-01
1.137497578926980613e-01
1.137497578926980613e-01
1.137478210342824092e-01
1.137478210342824092e-01
1.137478210342824092e-01
1.137478210342824092e-01
1.137478210342824092e-01
1.137478210342824092e-01
1.137478210342824092e-01
1.137478210342824092e-01
1.137478210342824092e-01
1.137478210342824092e-01
1.137478210342824092e-01
1.137478210342824092e-01
1.137458841758667571e-01
