5.152564882997916484e+00
5.056907463119751256e+00
5.056409144731766503e+00
5.056236592052570700e+00
5.056153734261203070e+00
5.056103969844595092e+00
5.056069079184521975e+00
5.056045587027949040e+00
5.056026744326098665e+00
5.056013071001821402e+00
5.056001978005181030e+00
5.055992778478691108e+00
5.055985212687122754e+00
5.055978984390923969e+00
5.055973379991548278e+00
5.055968579411755037e+00
5.055964424146656810e+00
5.055960900797403568e+00
5.055957659484484168e+00
5.055954776587515020e+00
5.055952146176421635e+00
5.055949826647156087e+00
5.055947624778851512e+00
5.055945664390666394e+00
5.055943842247766717e+00
5.055942182034751653e+00
5.055940610396080892e+00
5.055939206226359062e+00
5.055937843479044069e+00
5.055936620398960635e+00
5.055935477894797359e+00
5.055934359092774777e+00
5.055933312958596382e+00
5.055932385650783623e+00
5.055931500852632432e+00
5.055930687697603787e+00
5.055929896040263216e+00
5.055929136812078895e+00
5.055928438337900843e+00
5.055927763562391597e+00
5.055927110639549582e+00
5.055926490314644361e+00
5.055925910762333331e+00
5.055925355954888900e+00
5.055924836006320255e+00
5.055924340417806917e+00
5.055923850709334921e+00
5.055923405308146990e+00
5.055922956902976217e+00
5.055922524710518395e+00
5.055922119300782391e+00
5.055921726278542749e+00
5.055921350322199359e+00
5.055920997499167235e+00
5.055920651275959798e+00
5.055920331754245822e+00
5.055920004029351489e+00
5.055919692015559797e+00
5.055919385812882361e+00
5.055919093050143864e+00
5.055918810377455053e+00
5.055918531439305141e+00
5.055918265602749706e+00
5.055918008658534468e+00
5.055917760099506886e+00
5.055917524915151340e+00
5.055917285479814005e+00
5.055917064548951956e+00
5.055916857722664304e+00
5.055916642102213032e+00
5.055916433245450037e+00
5.055916225525630914e+00
5.055916029808441792e+00
5.055915835176739925e+00
5.055915643719333552e+00
5.055915460983388066e+00
5.055915291733839467e+00
5.055915121856925154e+00
5.055914961397876439e+00
5.055914799281628902e+00
5.055914636505149495e+00
5.055914485611578080e+00
5.055914336284354604e+00
5.055914193482653474e+00
5.055914050179808328e+00
5.055913912543013922e+00
5.055913779952943443e+00
5.055913648192088772e+00
5.055913518667892070e+00
5.055913392755857494e+00
5.055913266511327109e+00
5.055913148018087888e+00
5.055913029608165132e+00
5.055912914405250369e+00
5.055912798467611324e+00
5.055912684909572796e+00
5.055912577586432199e+00
5.055912470913677126e+00
5.055912366006630521e+00
5.055912262382469713e+00
