3.706556839247229451e+00
3.674724499347463258e+00
3.674602925354284455e+00
3.674562491571375489e+00
3.674543291151930902e+00
3.674532310367370602e+00
3.674523960600674766e+00
3.674518719930202515e+00
3.674514560776383387e+00
3.674511331900128575e+00
3.674508715248403945e+00
3.674506671629124366e+00
3.674504965681403057e+00
3.674503595712628190e+00
3.674502316771165233e+00
3.674501248034669931e+00
3.674500282091708314e+00
3.674499497964721861e+00
3.674498741230782795e+00
3.674498091952773215e+00
3.674497492838634471e+00
3.674496969919848866e+00
3.674496486436291676e+00
3.674496024961379614e+00
3.674495619985566286e+00
3.674495236940648724e+00
3.674494877468981624e+00
3.674494560800142917e+00
3.674494247916385792e+00
3.674493964379964339e+00
3.674493695146127781e+00
3.674493432701811724e+00
3.674493197444247627e+00
3.674492989705754553e+00
3.674492781508148731e+00
3.674492610721647790e+00
3.674492430778872887e+00
3.674492261645115665e+00
3.674492103185047487e+00
3.674491950335382562e+00
3.674491799719793228e+00
3.674491658236505920e+00
3.674491525231420752e+00
3.674491400272462904e+00
3.674491282547116100e+00
3.674491168629817839e+00
3.674491051300160294e+00
3.674490948007137714e+00
3.674490845089877222e+00
3.674490749656222910e+00
3.674490655522054894e+00
3.674490568722320827e+00
3.674490483201168001e+00
3.674490404334807003e+00
3.674490324015716514e+00
3.674490251456454804e+00
3.674490176434615840e+00
3.674490103042138411e+00
3.674490030172605781e+00
3.674489967007872782e+00
3.674489903534821522e+00
3.674489838110111872e+00
3.674489779415553325e+00
3.674489719194726334e+00
3.674489659472126135e+00
3.674489605480651733e+00
3.674489550646418135e+00
3.674489499398946979e+00
3.674489454129879817e+00
3.674489407593644952e+00
3.674489360648960812e+00
3.674489316197139921e+00
3.674489273058120453e+00
3.674489228890081005e+00
3.674489185493879706e+00
3.674489142793548435e+00
3.674489104745565449e+00
3.674489066742486987e+00
3.674489030987893923e+00
3.674488992098821072e+00
3.674488953448663331e+00
3.674488923133657270e+00
3.674488888913426621e+00
3.674488857936553554e+00
3.674488823866304266e+00
3.674488792748758836e+00
3.674488763365455490e+00
3.674488733179613664e+00
3.674488704398291450e+00
3.674488676106391072e+00
3.674488647788176632e+00
3.674488620877926159e+00
3.674488593475033760e+00
3.674488567554961449e+00
3.674488541613399661e+00
3.674488515635825348e+00
3.674488490952526387e+00
3.674488466832381839e+00
3.674488443168191232e+00
3.674488419150923058e+00
