5.159865125214958326e+00
5.056932868527932889e+00
5.056419322063167243e+00
5.056243789722965509e+00
5.056158851406753030e+00
5.056107624693686908e+00
5.056072125575564513e+00
5.056048356584948777e+00
5.056029249248065405e+00
5.056015140159915155e+00
5.056003698576390981e+00
5.055994423283569184e+00
5.055986772129484663e+00
5.055980303447822344e+00
5.055974653061661606e+00
5.055969791508889699e+00
5.055965557831630264e+00
5.055961998448007755e+00
5.055958677132810664e+00
5.055955770393597781e+00
5.055953076574994043e+00
5.055950718788584375e+00
5.055948475579118195e+00
5.055946458275144550e+00
5.055944584694459287e+00
5.055942875948339577e+00
5.055941297101282039e+00
5.055939879748576615e+00
5.055938474531288307e+00
5.055937225589522299e+00
5.055936054207511354e+00
5.055934922940905629e+00
5.055933873479365737e+00
5.055932925338826323e+00
5.055932011692435779e+00
5.055931189229690759e+00
5.055930379729862700e+00
5.055929612419585162e+00
5.055928892197414370e+00
5.055928205386952534e+00
5.055927545712054716e+00
5.055926913031020042e+00
5.055926322373835546e+00
5.055925756880229827e+00
5.055925232719522100e+00
5.055924731339690226e+00
5.055924226272341393e+00
5.055923772061092336e+00
5.055923319225229307e+00
5.055922888195837572e+00
5.055922470318218842e+00
5.055922065338037896e+00
5.055921685399032306e+00
5.055921325305027025e+00
5.055920970009012194e+00
5.055920645742764563e+00
5.055920311645856202e+00
5.055919991557869864e+00
5.055919680080124934e+00
5.055919386250137926e+00
5.055919098670409895e+00
5.055918814364233960e+00
5.055918544469090392e+00
5.055918282894492854e+00
5.055918028433570299e+00
5.055917790800111611e+00
5.055917548673249051e+00
5.055917322858680230e+00
5.055917111868302172e+00
5.055916893252573097e+00
5.055916678727242264e+00
5.055916467307791429e+00
5.055916267087726013e+00
5.055916068988578260e+00
5.055915873325727894e+00
5.055915688988866563e+00
5.055915517581681229e+00
5.055915346356253615e+00
5.055915186106722636e+00
5.055915020370697732e+00
5.055914856026026527e+00
5.055914697599131813e+00
5.055914545495963530e+00
5.055914398856661052e+00
5.055914254216107295e+00
5.055914114821625560e+00
5.055913979766152089e+00
5.055913846208945017e+00
5.055913715749815296e+00
5.055913587264165621e+00
5.055913459138976052e+00
5.055913338265629164e+00
5.055913219060009567e+00
5.055913102761653732e+00
5.055912984347909145e+00
5.055912869757115402e+00
5.055912759901128872e+00
5.055912650588709312e+00
5.055912545655083079e+00
5.055912439342198361e+00
