3.705426839768357183e+00
3.674706343935036923e+00
3.674594674825598872e+00
3.674556734601410746e+00
3.674538501054692041e+00
3.674528555100205374e+00
3.674521100080568647e+00
3.674516222096655405e+00
3.674512446585485925e+00
3.674509437210965679e+00
3.674507090516112573e+00
3.674505145611008494e+00
3.674503542445690663e+00
3.674502330858275378e+00
3.674501119741640398e+00
3.674500080741851971e+00
3.674499185502922760e+00
3.674498440970389357e+00
3.674497749695656346e+00
3.674497145725693859e+00
3.674496607737833820e+00
3.674496125796888890e+00
3.674495689972784529e+00
3.674495273442260235e+00
3.674494914609160112e+00
3.674494562013649546e+00
3.674494233290759748e+00
3.674493943198081425e+00
3.674493659314214344e+00
3.674493401111478263e+00
3.674493154862542355e+00
3.674492911325065059e+00
3.674492690781093529e+00
3.674492492172964475e+00
3.674492302589992043e+00
3.674492142980862130e+00
3.674491973878707629e+00
3.674491815221360813e+00
3.674491670310971347e+00
3.674491528881159041e+00
3.674491386255182235e+00
3.674491254079173874e+00
3.674491130019243990e+00
3.674491013687220420e+00
3.674490904155621962e+00
3.674490795861752535e+00
3.674490688781844039e+00
3.674490592823587587e+00
3.674490494639352178e+00
3.674490403443068764e+00
3.674490320246598607e+00
3.674490238624299465e+00
3.674490160035102537e+00
3.674490087053213117e+00
3.674490013344997585e+00
3.674489947506145882e+00
3.674489877011730243e+00
3.674489810129075273e+00
3.674489743857859647e+00
3.674489684275575208e+00
3.674489625051607256e+00
3.674489565932446578e+00
3.674489511850664414e+00
3.674489455514354574e+00
3.674489400287578089e+00
3.674489350212702732e+00
3.674489300010282733e+00
3.674489252947030327e+00
3.674489210032673370e+00
3.674489165274185343e+00
3.674489122518913131e+00
3.674489082701900777e+00
3.674489042284717399e+00
3.674489001069030536e+00
3.674488962090836086e+00
3.674488920918694390e+00
3.674488885767770441e+00
3.674488850589574973e+00
3.674488816011239223e+00
3.674488780522695119e+00
3.674488744806039264e+00
3.674488718893562211e+00
3.674488686958426342e+00
3.674488658382512707e+00
3.674488627120280348e+00
3.674488597637356246e+00
3.674488570171629664e+00
3.674488541810859044e+00
3.674488514183972487e+00
3.674488488131317343e+00
3.674488461577215759e+00
3.674488436488818621e+00
3.674488410605470268e+00
3.674488386284308739e+00
3.674488362544996889e+00
3.674488338119625386e+00
3.674488315952952000e+00
3.674488293817937734e+00
3.674488271540166107e+00
3.674488249850202948e+00
