5.153727218997411264e+00
5.056939561781303993e+00
5.056420478403374830e+00
5.056244080531932639e+00
5.056159441125070764e+00
5.056108248133456939e+00
5.056072383107697021e+00
5.056048334146659329e+00
5.056029199035835475e+00
5.056015181213297183e+00
5.056003795463933415e+00
5.055994446229473027e+00
5.055986776509864278e+00
5.055980365652680497e+00
5.055974640601051284e+00
5.055969810839837209e+00
5.055965574157157860e+00
5.055961967051527672e+00
5.055958640594418796e+00
5.055955715686694774e+00
5.055953032606959496e+00
5.055950686256054816e+00
5.055948438867558181e+00
5.055946432882391761e+00
5.055944579674962469e+00
5.055942873840623797e+00
5.055941295296796589e+00
5.055939853326181677e+00
5.055938444961475042e+00
5.055937191874653180e+00
5.055936030684753391e+00
5.055934898435636704e+00
5.055933857206911242e+00
5.055932918633846640e+00
5.055932002798718017e+00
5.055931177282494637e+00
5.055930372036328002e+00
5.055929603052493171e+00
5.055928882414678860e+00
5.055928190911015641e+00
5.055927530269691772e+00
5.055926899209871372e+00
5.055926314024742574e+00
5.055925747049879959e+00
5.055925217885821610e+00
5.055924705526336993e+00
5.055924204013942713e+00
5.055923752806558369e+00
5.055923298840481195e+00
5.055922864755901358e+00
5.055922453936706695e+00
5.055922054806670118e+00
5.055921675663155312e+00
5.055921317903965040e+00
5.055920965105635823e+00
5.055920636523756784e+00
5.055920302455699122e+00
5.055919982428782156e+00
5.055919671066249954e+00
5.055919373427105512e+00
5.055919087843486537e+00
5.055918800256011814e+00
5.055918535512629042e+00
5.055918272956839488e+00
5.055918019913645090e+00
5.055917780462718447e+00
5.055917538251279097e+00
5.055917312602783653e+00
5.055917100065573599e+00
5.055916885014846152e+00
5.055916672125003508e+00
5.055916458862714791e+00
5.055916261283994295e+00
5.055916063529941162e+00
5.055915866178740892e+00
5.055915682020757806e+00
5.055915509281843967e+00
5.055915337922067820e+00
5.055915176712158399e+00
5.055915009092489143e+00
5.055914844960887500e+00
5.055914689269524587e+00
5.055914536406967308e+00
5.055914391612653880e+00
5.055914245848740940e+00
5.055914105439689443e+00
5.055913971130161499e+00
5.055913837254845333e+00
5.055913705664693225e+00
5.055913577314212759e+00
5.055913449617872146e+00
5.055913329351088059e+00
5.055913210415393877e+00
5.055913094746492753e+00
5.055912976454226104e+00
5.055912861757246191e+00
5.055912752282121225e+00
5.055912641863230306e+00
5.055912536435405613e+00
5.055912430322056395e+00
