5.156524112672579818e+00
5.056930223228740751e+00
5.056418109429753116e+00
5.056243233415957050e+00
5.056158920944482382e+00
5.056107636497351621e+00
5.056071605612665998e+00
5.056047793413976699e+00
5.056028687814890787e+00
5.056014723441330183e+00
5.056003312870018362e+00
5.055994104944212530e+00
5.055986447783327620e+00
5.055980019913985046e+00
5.055974364089411033e+00
5.055969573091373626e+00
5.055965378973457547e+00
5.055961823901416352e+00
5.055958527210606235e+00
5.055955617947298641e+00
5.055952927615675385e+00
5.055950576478857705e+00
5.055948342731519496e+00
5.055946333607701071e+00
5.055944460709769217e+00
5.055942777951885958e+00
5.055941190628749915e+00
5.055939771529735616e+00
5.055938360113142238e+00
5.055937111727417665e+00
5.055935948719877615e+00
5.055934818217048488e+00
5.055933768733937406e+00
5.055932836650939066e+00
5.055931931320810868e+00
5.055931114259152537e+00
5.055930310415238438e+00
5.055929547095358245e+00
5.055928833373574349e+00
5.055928142173923945e+00
5.055927480658044537e+00
5.055926852572561359e+00
5.055926263802366094e+00
5.055925698133036938e+00
5.055925174137959388e+00
5.055924671216057931e+00
5.055924167955586412e+00
5.055923715741826641e+00
5.055923266198820265e+00
5.055922835739057319e+00
5.055922419209490926e+00
5.055922018900295356e+00
5.055921634379203944e+00
5.055921277641070688e+00
5.055920922953082375e+00
5.055920596238827613e+00
5.055920265646004275e+00
5.055919945616103028e+00
5.055919633960166415e+00
5.055919337134500147e+00
5.055919050294894745e+00
5.055918767309364625e+00
5.055918497028631720e+00
5.055918238041285484e+00
5.055917982599797966e+00
5.055917744239737388e+00
5.055917501253850865e+00
5.055917276286144180e+00
5.055917067554141830e+00
5.055916851065660467e+00
5.055916637725056617e+00
5.055916426611607228e+00
5.055916229916777027e+00
5.055916033183311065e+00
5.055915836690776821e+00
5.055915653580028035e+00
5.055915482064338384e+00
5.055915310526309270e+00
5.055915150827073212e+00
5.055914984671318280e+00
5.055914820407884314e+00
5.055914662613725241e+00
5.055914509231008047e+00
5.055914364328862654e+00
5.055914218536439186e+00
5.055914079845750919e+00
5.055913946411981108e+00
5.055913812729952106e+00
5.055913683850105755e+00
5.055913555585862973e+00
5.055913427690158279e+00
5.055913306507696880e+00
5.055913187168237677e+00
5.055913071036980178e+00
5.055912952786423276e+00
5.055912837977142971e+00
5.055912728363757047e+00
5.055912618945725079e+00
5.055912513125037755e+00
5.055912408008365055e+00
