1.443540577183807794e-01
1.144315320550067933e-01
1.141177609916715074e-01
1.139783071857447122e-01
1.138988959907030890e-01
1.138485376718961772e-01
1.138311059461553504e-01
1.138252953709083942e-01
1.138175479372457860e-01
1.138078636451675396e-01
1.138039899283362633e-01
1.137962424946736550e-01
1.137884950610110468e-01
1.137807476273484525e-01
1.137768739105171484e-01
1.137691264768545540e-01
1.137652527600232499e-01
1.137652527600232499e-01
1.137652527600232499e-01
1.137633159016075979e-01
1.137633159016075979e-01
1.137633159016075979e-01
1.137633159016075979e-01
1.137633159016075979e-01
1.137633159016075979e-01
1.137613790431919458e-01
1.137613790431919458e-01
1.137613790431919458e-01
1.137594421847762938e-01
1.137575053263606417e-01
1.137575053263606417e-01
1.137575053263606417e-01
1.137555684679449897e-01
1.137536316095293376e-01
1.137536316095293376e-01
1.137536316095293376e-01
1.137536316095293376e-01
1.137536316095293376e-01
1.137536316095293376e-01
1.137536316095293376e-01
1.137516947511136856e-01
1.137516947511136856e-01
1.137516947511136856e-01
1.137516947511136856e-01
1.137516947511136856e-01
1.137516947511136856e-01
1.137516947511136856e-01
1.137516947511136856e-01
1.137516947511136856e-01
1.137516947511136856e-01
1.137516947511136856e-01
1.137516947511136856e-01
1.137516947511136856e-01
1.137516947511136856e-01
1.137516947511136856e-01
1.137516947511136856e-01
1.137516947511136856e-01
1.137516947511136856e-01
1.137516947511136856e-01
1.137516947511136856e-01
1.137516947511136856e-01
1.137516947511136856e-01
1.137516947511136856e-01
1.137516947511136856e-01
1.137516947511136856e-01
1.137516947511136856e-01
1.137497578926980613e-01
1.137497578926980613e-01
1.137497578926980613e-01
1.137497578926980613e-01
1.137497578926980613e-01
1.137497578926980613e-01
1.137497578926980613e-01
1.137497578926980613e-01
1.137497578926980613e-01
1.137497578926980613e-01
1.137497578926980613e-01
1.137497578926980613e-01
1.137497578926980613e-01
1.137497578926980613e-01
1.137497578926980613e-01
1.137497578926980613e-01
1.137478210342824092e-01
1.137478210342824092e-01
1.137478210342824092e-01
1.137478210342824092e-01
1.137478210342824092e-01
1.137478210342824092e-01
1.137478210342824092e-01
1.137478210342824092e-01
1.137478210342824092e-01
1.137478210342824092e-01
1.137478210342824092e-01
1.137478210342824092e-01
1.137478210342824092e-01
1.137478210342824092e-01
1.137478210342824092e-01
1.137478210342824092e-01
1.137478210342824092e-01
1.137478210342824092e-01
