1.443637420104590396e-01
1.144295951965911134e-01
1.141080766995932610e-01
1.139744334689134081e-01
1.139066434243656972e-01
1.138504745303118293e-01
1.138349796629866406e-01
1.138194847956614381e-01
1.138136742204144819e-01
1.138039899283362633e-01
1.137962424946736550e-01
1.137923687778423509e-01
1.137865582025954087e-01
1.137826844857641045e-01
1.137788107689328143e-01
1.137710633352702061e-01
1.137671896184389020e-01
1.137671896184389020e-01
1.137652527600232499e-01
1.137633159016075979e-01
1.137633159016075979e-01
1.137633159016075979e-01
1.137633159016075979e-01
1.137613790431919458e-01
1.137613790431919458e-01
1.137613790431919458e-01
1.137594421847762938e-01
1.137594421847762938e-01
1.137594421847762938e-01
1.137575053263606417e-01
1.137575053263606417e-01
1.137555684679449897e-01
1.137555684679449897e-01
1.137555684679449897e-01
1.137555684679449897e-01
1.137555684679449897e-01
1.137555684679449897e-01
1.137555684679449897e-01
1.137555684679449897e-01
1.137516947511136856e-01
1.137516947511136856e-01
1.137516947511136856e-01
1.137516947511136856e-01
1.137516947511136856e-01
1.137516947511136856e-01
1.137516947511136856e-01
1.137516947511136856e-01
1.137516947511136856e-01
1.137516947511136856e-01
1.137516947511136856e-01
1.137516947511136856e-01
1.137516947511136856e-01
1.137516947511136856e-01
1.137516947511136856e-01
1.137516947511136856e-01
1.137516947511136856e-01
1.137516947511136856e-01
1.137516947511136856e-01
1.137516947511136856e-01
1.137516947511136856e-01
1.137516947511136856e-01
1.137516947511136856e-01
1.137516947511136856e-01
1.137516947511136856e-01
1.137497578926980613e-01
1.137497578926980613e-01
1.137497578926980613e-01
1.137497578926980613e-01
1.137478210342824092e-01
1.137478210342824092e-01
1.137478210342824092e-01
1.137478210342824092e-01
1.137478210342824092e-01
1.137478210342824092e-01
1.137478210342824092e-01
1.137478210342824092e-01
1.137478210342824092e-01
1.137478210342824092e-01
1.137478210342824092e-01
1.137478210342824092e-01
1.137478210342824092e-01
1.137478210342824092e-01
1.137478210342824092e-01
1.137478210342824092e-01
1.137478210342824092e-01
1.137478210342824092e-01
1.137478210342824092e-01
1.137478210342824092e-01
1.137478210342824092e-01
1.137478210342824092e-01
1.137478210342824092e-01
1.137478210342824092e-01
1.137478210342824092e-01
1.137478210342824092e-01
1.137478210342824092e-01
1.137478210342824092e-01
1.137478210342824092e-01
1.137478210342824092e-01
1.137478210342824092e-01
1.137478210342824092e-01
