1.446658919233004548e-01
1.143986054619407222e-01
1.141042029827619708e-01
1.139783071857447122e-01
1.139105171411970013e-01
1.138601588223900757e-01
1.138388533798179586e-01
1.138214216540771040e-01
1.138059267867519014e-01
1.137943056362580030e-01
1.137904319194266989e-01
1.137884950610110468e-01
1.137826844857641184e-01
1.137788107689328143e-01
1.137691264768545540e-01
1.137691264768545540e-01
1.137671896184389020e-01
1.137633159016075979e-01
1.137633159016075979e-01
1.137633159016075979e-01
1.137633159016075979e-01
1.137633159016075979e-01
1.137613790431919458e-01
1.137613790431919458e-01
1.137613790431919458e-01
1.137594421847762938e-01
1.137594421847762938e-01
1.137594421847762938e-01
1.137575053263606417e-01
1.137575053263606417e-01
1.137555684679449897e-01
1.137555684679449897e-01
1.137555684679449897e-01
1.137555684679449897e-01
1.137555684679449897e-01
1.137555684679449897e-01
1.137536316095293376e-01
1.137536316095293376e-01
1.137536316095293376e-01
1.137516947511136856e-01
1.137516947511136856e-01
1.137516947511136856e-01
1.137516947511136856e-01
1.137516947511136856e-01
1.137516947511136856e-01
1.137516947511136856e-01
1.137516947511136856e-01
1.137516947511136856e-01
1.137516947511136856e-01
1.137516947511136856e-01
1.137516947511136856e-01
1.137516947511136856e-01
1.137516947511136856e-01
1.137516947511136856e-01
1.137516947511136856e-01
1.137516947511136856e-01
1.137516947511136856e-01
1.137497578926980613e-01
1.137497578926980613e-01
1.137497578926980613e-01
1.137497578926980613e-01
1.137497578926980613e-01
1.137497578926980613e-01
1.137497578926980613e-01
1.137497578926980613e-01
1.137497578926980613e-01
1.137497578926980613e-01
1.137497578926980613e-01
1.137497578926980613e-01
1.137497578926980613e-01
1.137497578926980613e-01
1.137497578926980613e-01
1.137497578926980613e-01
1.137497578926980613e-01
1.137497578926980613e-01
1.137497578926980613e-01
1.137497578926980613e-01
1.137497578926980613e-01
1.137497578926980613e-01
1.137497578926980613e-01
1.137497578926980613e-01
1.137497578926980613e-01
1.137497578926980613e-01
1.137497578926980613e-01
1.137497578926980613e-01
1.137497578926980613e-01
1.137497578926980613e-01
1.137497578926980613e-01
1.137497578926980613e-01
1.137497578926980613e-01
1.137497578926980613e-01
1.137497578926980613e-01
1.137497578926980613e-01
1.137478210342824092e-01
1.137478210342824092e-01
1.137478210342824092e-01
1.137478210342824092e-01
1.137478210342824092e-01
1.137478210342824092e-01
1.137478210342824092e-01
