3.707720371458311792e+00
3.674739460245778133e+00
3.674611328619988626e+00
3.674567968059431866e+00
3.674547269286278617e+00
3.674535456274835798e+00
3.674526793907689548e+00
3.674521148114944680e+00
3.674516629167354331e+00
3.674513174622707101e+00
3.674510380726819125e+00
3.674508144218453509e+00
3.674506306730463301e+00
3.674504822532854043e+00
3.674503464053711532e+00
3.674502305196837071e+00
3.674501274715407551e+00
3.674500435332665127e+00
3.674499630425532626e+00
3.674498934027837116e+00
3.674498293779851821e+00
3.674497735645288810e+00
3.674497213327080125e+00
3.674496722455620645e+00
3.674496282020435878e+00
3.674495864923183142e+00
3.674495486684929091e+00
3.674495149448282927e+00
3.674494813514285418e+00
3.674494512512095579e+00
3.674494225658143876e+00
3.674493949925881520e+00
3.674493698607068648e+00
3.674493470234821757e+00
3.674493246130936530e+00
3.674493058380515098e+00
3.674492863063261616e+00
3.674492680655570442e+00
3.674492507673330355e+00
3.674492344143073463e+00
3.674492182983855493e+00
3.674492030455438485e+00
3.674491888457628530e+00
3.674491754291673740e+00
3.674491628767077689e+00
3.674491505913271006e+00
3.674491381689451774e+00
3.674491272240654194e+00
3.674491161774021020e+00
3.674491060150467447e+00
3.674490959508225352e+00
3.674490865344709256e+00
3.674490775347392990e+00
3.674490690049364794e+00
3.674490605488568207e+00
3.674490528922452981e+00
3.674490447724304332e+00
3.674490369766297615e+00
3.674490293078454872e+00
3.674490224693908846e+00
3.674490156657600259e+00
3.674490086747633111e+00
3.674490024059842153e+00
3.674489959679549056e+00
3.674489897051317566e+00
3.674489840782471983e+00
3.674489783385490149e+00
3.674489729236054547e+00
3.674489679548863297e+00
3.674489628379830730e+00
3.674489577364908222e+00
3.674489528303750419e+00
3.674489480866535374e+00
3.674489433054768384e+00
3.674489387088281322e+00
3.674489341540217779e+00
3.674489301009905340e+00
3.674489260911636634e+00
3.674489222902088681e+00
3.674489182443731572e+00
3.674489142170234590e+00
3.674489107937821686e+00
3.674489071117695627e+00
3.674489037119314183e+00
3.674489001840120839e+00
3.674488968355709151e+00
3.674488936543666817e+00
3.674488904667570388e+00
3.674488873813577250e+00
3.674488843436670038e+00
3.674488813040635904e+00
3.674488784050617962e+00
3.674488755525715522e+00
3.674488727970008917e+00
3.674488700309308964e+00
3.674488672758408292e+00
3.674488646375567047e+00
3.674488620548196138e+00
3.674488595919993106e+00
3.674488570370582963e+00
