1.447046290916134126e-01
1.144179740460972428e-01
1.141100135580088992e-01
1.139686228936664519e-01
1.139047065659500452e-01
1.138601588223900896e-01
1.138349796629866545e-01
1.138252953709083942e-01
1.138136742204144958e-01
1.138001162115049314e-01
1.137904319194266850e-01
1.137846213441797566e-01
1.137826844857641045e-01
1.137826844857641045e-01
1.137768739105171484e-01
1.137691264768545540e-01
1.137691264768545540e-01
1.137633159016075979e-01
1.137633159016075979e-01
1.137613790431919458e-01
1.137613790431919458e-01
1.137613790431919458e-01
1.137613790431919458e-01
1.137613790431919458e-01
1.137613790431919458e-01
1.137613790431919458e-01
1.137594421847762938e-01
1.137575053263606417e-01
1.137555684679449897e-01
1.137555684679449897e-01
1.137555684679449897e-01
1.137555684679449897e-01
1.137555684679449897e-01
1.137555684679449897e-01
1.137555684679449897e-01
1.137555684679449897e-01
1.137536316095293376e-01
1.137536316095293376e-01
1.137536316095293376e-01
1.137516947511136856e-01
1.137516947511136856e-01
1.137516947511136856e-01
1.137516947511136856e-01
1.137516947511136856e-01
1.137516947511136856e-01
1.137516947511136856e-01
1.137516947511136856e-01
1.137516947511136856e-01
1.137516947511136856e-01
1.137516947511136856e-01
1.137516947511136856e-01
1.137516947511136856e-01
1.137516947511136856e-01
1.137516947511136856e-01
1.137516947511136856e-01
1.137516947511136856e-01
1.137516947511136856e-01
1.137516947511136856e-01
1.137516947511136856e-01
1.137516947511136856e-01
1.137516947511136856e-01
1.137516947511136856e-01
1.137516947511136856e-01
1.137516947511136856e-01
1.137516947511136856e-01
1.137516947511136856e-01
1.137497578926980613e-01
1.137497578926980613e-01
1.137497578926980613e-01
1.137497578926980613e-01
1.137497578926980613e-01
1.137497578926980613e-01
1.137497578926980613e-01
1.137497578926980613e-01
1.137497578926980613e-01
1.137497578926980613e-01
1.137497578926980613e-01
1.137497578926980613e-01
1.137497578926980613e-01
1.137497578926980613e-01
1.137497578926980613e-01
1.137497578926980613e-01
1.137478210342824092e-01
1.137458841758667571e-01
1.137458841758667571e-01
1.137458841758667571e-01
1.137458841758667571e-01
1.137458841758667571e-01
1.137458841758667571e-01
1.137458841758667571e-01
1.137458841758667571e-01
1.137458841758667571e-01
1.137458841758667571e-01
1.137458841758667571e-01
1.137458841758667571e-01
1.137458841758667571e-01
1.137458841758667571e-01
1.137458841758667571e-01
1.137458841758667571e-01
1.137458841758667571e-01
